pos,WT,var,score,entropy,log2f_var,matrix
1,M,A,-0.3588,0.3854,-20.7796,-0.2641
1,M,C,-0.3643,0.3854,-20.7796,-0.2713
1,M,D,-0.4702,0.3854,-20.7796,-0.41
1,M,E,-0.4605,0.3854,-20.7796,-0.3972
1,M,F,-0.3638,0.3854,-20.7796,-0.2707
1,M,G,-0.4397,0.3854,-20.7796,-0.37
1,M,H,-0.4171,0.3854,-20.7796,-0.3404
1,M,I,-0.2083,0.3854,-7.4917,-0.1558
1,M,K,-0.4214,0.3854,-20.7796,-0.346
1,M,L,-0.1634,0.3854,-5.1699,-0.1126
1,M,N,-0.4119,0.3854,-20.7796,-0.3336
1,M,P,-0.5297,0.3854,-20.7796,-0.4879
1,M,Q,-0.4039,0.3854,-20.7796,-0.3232
1,M,R,-0.4486,0.3854,-20.7796,-0.3817
1,M,S,-0.3902,0.3854,-20.7796,-0.3052
1,M,T,-0.3299,0.3854,-20.7796,-0.2263
1,M,V,-0.2301,0.3854,-5.4918,-0.1978
1,M,W,-0.4266,0.3854,-20.7796,-0.3529
1,M,Y,-0.4062,0.3854,-20.7796,-0.3261
2,S,A,-0.0826,1.1373,-3.9649,-0.1054
2,S,C,-0.1469,1.1373,-6.6653,-0.1715
2,S,D,-0.195,1.1373,-6.6653,-0.2346
2,S,E,-0.1733,1.1373,-7.6652,-0.1995
2,S,F,-0.1714,1.1373,-6.0803,-0.2076
2,S,G,-0.1055,1.1373,-6.6653,-0.1174
2,S,H,-0.2486,1.1373,-20.9531,-0.2092
2,S,I,-0.2505,1.1373,-20.9531,-0.2117
2,S,K,-0.2579,1.1373,-20.9531,-0.2214
2,S,L,-0.2467,1.1373,-20.9531,-0.2068
2,S,M,-0.2178,1.1373,-20.9531,-0.1689
2,S,N,-0.1187,1.1373,-6.6653,-0.1346
2,S,P,-0.2498,1.1373,-6.6653,-0.3063
2,S,Q,-0.1434,1.1373,-7.6652,-0.1603
2,S,R,-0.2631,1.1373,-20.9531,-0.2283
2,S,T,-0.0803,1.1373,-5.3434,-0.0932
2,S,V,-0.2247,1.1373,-20.9531,-0.178
2,S,W,-0.257,1.1373,-20.9531,-0.2203
2,S,Y,-0.1843,1.1373,-7.6652,-0.2139
3,D,A,-0.2242,1.2843,-20.9951,-0.1947
3,D,C,-0.2656,1.2843,-20.9951,-0.249
3,D,E,-0.087,1.2843,-4.9,-0.1226
3,D,F,-0.2565,1.2843,-7.7072,-0.3258
3,D,G,-0.1557,1.2843,-5.3854,-0.2093
3,D,H,-0.1657,1.2843,-7.7072,-0.2069
3,D,I,-0.2487,1.2843,-7.7072,-0.3156
3,D,K,-0.2949,1.2843,-20.9951,-0.2873
3,D,L,-0.2373,1.2843,-6.7073,-0.3073
3,D,M,-0.2489,1.2843,-20.9951,-0.2271
3,D,N,-0.1112,1.2843,-5.3854,-0.1511
3,D,P,-0.3611,1.2843,-20.9951,-0.374
3,D,Q,-0.1731,1.2843,-5.7073,-0.23
3,D,R,-0.2463,1.2843,-5.3854,-0.3279
3,D,S,-0.1547,1.2843,-6.1224,-0.2031
3,D,T,-0.1928,1.2843,-7.7072,-0.2424
3,D,V,-0.1953,1.2843,-6.1224,-0.2563
3,D,W,-0.3048,1.2843,-20.9951,-0.3002
3,D,Y,-0.2692,1.2843,-20.9951,-0.2536
4,Q,A,-0.0375,2.0029,-6.9307,-0.1308
4,Q,C,-0.0888,2.0029,-7.9306,-0.1913
4,Q,D,-0.1159,2.0029,-5.3458,-0.2441
4,Q,E,-0.0315,2.0029,-4.7608,-0.1375
4,Q,F,-0.1646,2.0029,-21.2185,-0.2018
4,Q,G,-0.1132,2.0029,-7.9306,-0.2233
4,Q,H,-0.0436,2.0029,-7.9306,-0.1322
4,Q,I,-0.146,2.0029,-21.2185,-0.1774
4,Q,K,-0.0574,2.0029,-4.3458,-0.1742
4,Q,L,-0.0564,2.0029,-6.9307,-0.1556
4,Q,M,-0.0274,2.0029,-6.9307,-0.1176
4,Q,N,-0.0429,2.0029,-4.9307,-0.1513
4,Q,P,-0.2162,2.0029,-7.9306,-0.3581
4,Q,R,-0.059,2.0029,-4.9307,-0.1723
4,Q,S,-0.0508,2.0029,-5.9307,-0.1549
4,Q,T,-0.0464,2.0029,-3.1234,-0.1679
4,Q,V,-0.1461,2.0029,-21.2185,-0.1775
4,Q,W,-0.164,2.0029,-21.2185,-0.201
4,Q,Y,-0.1669,2.0029,-21.2185,-0.2048
5,E,A,-0.1421,1.0974,-7.0389,-0.158
5,E,C,-0.2844,1.0974,-21.3266,-0.2488
5,E,D,-0.0905,1.0974,-3.6466,-0.1131
5,E,F,-0.262,1.0974,-21.3266,-0.2195
5,E,G,-0.1649,1.0974,-6.4539,-0.1917
5,E,H,-0.2533,1.0974,-21.3266,-0.2081
5,E,I,-0.2674,1.0974,-21.3266,-0.2265
5,E,K,-0.159,1.0974,-6.0389,-0.1868
5,E,L,-0.2695,1.0974,-21.3266,-0.2293
5,E,M,-0.2183,1.0974,-21.3266,-0.1623
5,E,N,-0.1616,1.0974,-5.717,-0.1923
5,E,P,-0.372,1.0974,-21.3266,-0.3635
5,E,Q,-0.1044,1.0974,-5.0389,-0.122
5,E,R,-0.2975,1.0974,-21.3266,-0.266
5,E,S,-0.1505,1.0974,-6.0389,-0.1756
5,E,T,-0.2444,1.0974,-21.3266,-0.1964
5,E,V,-0.2282,1.0974,-21.3266,-0.1753
5,E,W,-0.2721,1.0974,-21.3266,-0.2327
5,E,Y,-0.2628,1.0974,-21.3266,-0.2206
6,A,C,-0.1593,1.9226,-21.3858,-0.1841
6,A,D,-0.1682,1.9226,-7.098,-0.2911
6,A,E,-0.1538,1.9226,-7.098,-0.2723
6,A,F,-0.2094,1.9226,-21.3858,-0.2497
6,A,G,-0.0748,1.9226,-6.098,-0.1756
6,A,H,-0.1458,1.9226,-8.0979,-0.2551
6,A,I,-0.1261,1.9226,-7.098,-0.236
6,A,K,-0.1555,1.9226,-6.513,-0.2784
6,A,L,-0.2037,1.9226,-21.3858,-0.2422
6,A,M,-0.0947,1.9226,-8.0979,-0.1882
6,A,N,-0.1355,1.9226,-6.513,-0.2523
6,A,P,-0.1998,1.9226,-5.5131,-0.3431
6,A,Q,-0.133,1.9226,-6.513,-0.249
6,A,R,-0.1743,1.9226,-8.0979,-0.2924
6,A,S,-0.0358,1.9226,-4.098,-0.1379
6,A,T,-0.0358,1.9226,-2.9281,-0.1457
6,A,V,-0.0393,1.9226,-4.1911,-0.1418
6,A,W,-0.2204,1.9226,-21.3858,-0.264
6,A,Y,-0.2286,1.9226,-21.3858,-0.2748
7,K,A,-0.1215,1.2572,-5.5288,-0.1604
7,K,C,-0.2727,1.2572,-21.4015,-0.2523
7,K,D,-0.2294,1.2572,-5.3064,-0.3031
7,K,E,-0.1515,1.2572,-6.5287,-0.193
7,K,F,-0.2736,1.2572,-21.4015,-0.2535
7,K,G,-0.1858,1.2572,-6.5287,-0.2379
7,K,H,-0.2126,1.2572,-21.4015,-0.1736
7,K,I,-0.168,1.2572,-7.1137,-0.2106
7,K,L,-0.2396,1.2572,-21.4015,-0.2089
7,K,M,-0.1448,1.2572,-8.1136,-0.1736
7,K,N,-0.1398,1.2572,-5.5288,-0.1843
7,K,P,-0.3009,1.2572,-6.5287,-0.3886
7,K,Q,-0.1196,1.2572,-5.3064,-0.1594
7,K,R,-0.0603,1.2572,-6.5287,-0.0735
7,K,S,-0.1368,1.2572,-6.5287,-0.1737
7,K,T,-0.1465,1.2572,-6.1137,-0.1892
7,K,V,-0.2248,1.2572,-21.4015,-0.1895
7,K,W,-0.2827,1.2572,-21.4015,-0.2653
7,K,Y,-0.2585,1.2572,-21.4015,-0.2337
8,P,A,-0.148,1.013,-5.3012,-0.1672
8,P,C,-0.2629,1.013,-21.3962,-0.21
8,P,D,-0.2078,1.013,-5.5235,-0.2439
8,P,E,-0.1997,1.013,-7.1085,-0.2227
8,P,F,-0.2913,1.013,-21.3962,-0.2472
8,P,G,-0.2445,1.013,-21.3962,-0.186
8,P,H,-0.2011,1.013,-8.1084,-0.2179
8,P,I,-0.2065,1.013,-8.1084,-0.225
8,P,K,-0.1913,1.013,-7.1085,-0.2118
8,P,L,-0.206,1.013,-7.1085,-0.231
8,P,M,-0.2299,1.013,-21.3962,-0.1668
8,P,N,-0.181,1.013,-6.5235,-0.2022
8,P,Q,-0.1827,1.013,-6.5235,-0.2044
8,P,R,-0.3,1.013,-21.3962,-0.2586
8,P,S,-0.1468,1.013,-5.1085,-0.1668
8,P,T,-0.1661,1.013,-6.5235,-0.1827
8,P,V,-0.2297,1.013,-21.3962,-0.1666
8,P,W,-0.3038,1.013,-21.3962,-0.2636
8,P,Y,-0.2923,1.013,-21.3962,-0.2485
9,S,A,-0.0673,1.3889,-5.5131,-0.1054
9,S,C,-0.1988,1.3889,-21.3858,-0.1715
9,S,D,-0.1711,1.3889,-6.513,-0.2346
9,S,E,-0.1381,1.3889,-5.2907,-0.1995
9,S,F,-0.1586,1.3889,-8.0979,-0.2076
9,S,G,-0.0816,1.3889,-6.513,-0.1174
9,S,H,-0.1598,1.3889,-8.0979,-0.2092
9,S,I,-0.2295,1.3889,-21.3858,-0.2117
9,S,K,-0.1589,1.3889,-6.098,-0.2214
9,S,L,-0.158,1.3889,-8.0979,-0.2068
9,S,M,-0.1968,1.3889,-21.3858,-0.1689
9,S,N,-0.0885,1.3889,-5.2907,-0.1346
9,S,P,-0.2221,1.3889,-5.7761,-0.3063
9,S,Q,-0.1174,1.3889,-7.098,-0.1603
9,S,R,-0.1625,1.3889,-5.7761,-0.2283
9,S,T,-0.0569,1.3889,-5.2907,-0.0932
9,S,V,-0.2038,1.3889,-21.3858,-0.178
9,S,W,-0.2361,1.3889,-21.3858,-0.2203
9,S,Y,-0.1634,1.3889,-8.0979,-0.2139
10,T,A,-0.006,2.3457,-2.4542,-0.1608
10,T,C,-0.0706,2.3457,-8.0979,-0.2077
10,T,D,-0.1504,2.3457,-8.0979,-0.3121
10,T,E,-0.1257,2.3457,-8.0979,-0.2798
10,T,F,-0.2098,2.3457,-21.3858,-0.3012
10,T,G,-0.0888,2.3457,-4.2907,-0.257
10,T,H,-0.1223,2.3457,-8.0979,-0.2754
10,T,I,-0.1285,2.3457,-21.3858,-0.1947
10,T,K,-0.1098,2.3457,-6.513,-0.2696
10,T,L,-0.1804,2.3457,-21.3858,-0.2627
10,T,M,-0.1474,2.3457,-21.3858,-0.2194
10,T,N,-0.0715,2.3457,-4.3976,-0.2336
10,T,P,-0.191,2.3457,-6.513,-0.3759
10,T,Q,-0.0918,2.3457,-6.513,-0.246
10,T,R,-0.1105,2.3457,-6.098,-0.2733
10,T,S,0.0283,2.3457,-2.8501,-0.1133
10,T,V,-0.0329,2.3457,-5.098,-0.1784
10,T,W,-0.2027,2.3457,-21.3858,-0.2919
10,T,Y,-0.2113,2.3457,-21.3858,-0.3031
11,E,A,-0.0614,1.8661,-5.0875,-0.158
11,E,C,-0.2139,1.8661,-21.3752,-0.2488
11,E,D,-0.0373,1.8661,-7.0874,-0.1131
11,E,F,-0.1915,1.8661,-21.3752,-0.2195
11,E,G,-0.0848,1.8661,-4.628,-0.1917
11,E,H,-0.1099,1.8661,-7.0874,-0.2081
11,E,I,-0.1969,1.8661,-21.3752,-0.2265
11,E,K,-0.0826,1.8661,-4.9175,-0.1868
11,E,L,-0.1261,1.8661,-7.0874,-0.2293
11,E,M,-0.1478,1.8661,-21.3752,-0.1623
11,E,N,-0.0911,1.8661,-5.7655,-0.1923
11,E,P,-0.2235,1.8661,-6.0874,-0.3635
11,E,Q,-0.0229,1.8661,-2.9175,-0.122
11,E,R,-0.1592,1.8661,-8.0873,-0.266
11,E,S,-0.077,1.8661,-5.5025,-0.1756
11,E,T,-0.0959,1.8661,-6.0874,-0.1964
11,E,V,-0.1578,1.8661,-21.3752,-0.1753
11,E,W,-0.2016,1.8661,-21.3752,-0.2327
11,E,Y,-0.1924,1.8661,-21.3752,-0.2206
12,D,A,-0.1352,1.4247,-6.098,-0.1947
12,D,C,-0.2547,1.4247,-21.3858,-0.249
12,D,E,-0.0742,1.4247,-4.9281,-0.1226
12,D,F,-0.3134,1.4247,-21.3858,-0.3258
12,D,G,-0.1383,1.4247,-4.5131,-0.2093
12,D,H,-0.1548,1.4247,-8.0979,-0.2069
12,D,I,-0.3056,1.4247,-21.3858,-0.3156
12,D,K,-0.206,1.4247,-6.098,-0.2873
12,D,L,-0.2314,1.4247,-8.0979,-0.3073
12,D,M,-0.1702,1.4247,-8.0979,-0.2271
12,D,N,-0.0978,1.4247,-5.2907,-0.1511
12,D,P,-0.2692,1.4247,-5.5131,-0.374
12,D,Q,-0.1673,1.4247,-7.098,-0.23
12,D,R,-0.315,1.4247,-21.3858,-0.3279
12,D,S,-0.1365,1.4247,-5.098,-0.2031
12,D,T,-0.2497,1.4247,-21.3858,-0.2424
12,D,V,-0.1844,1.4247,-6.513,-0.2563
12,D,W,-0.2938,1.4247,-21.3858,-0.3002
12,D,Y,-0.2582,1.4247,-21.3858,-0.2536
13,L,A,-0.118,2.2764,-4.1964,-0.2874
13,L,C,-0.1271,2.2764,-8.1032,-0.2733
13,L,D,-0.2543,2.2764,-7.1032,-0.4465
13,L,E,-0.2113,2.2764,-4.9334,-0.4047
13,L,F,-0.0633,2.2764,-6.5183,-0.2003
13,L,G,-0.1868,2.2764,-3.0158,-0.3854
13,L,H,-0.2481,2.2764,-21.391,-0.3429
13,L,I,-0.0798,2.2764,-21.391,-0.1226
13,L,K,-0.2184,2.2764,-6.5183,-0.4034
13,L,M,-0.017,2.2764,-4.5183,-0.1531
13,L,N,-0.2057,2.2764,-8.1032,-0.3762
13,L,P,-0.2132,2.2764,-6.5183,-0.3966
13,L,Q,-0.1587,2.2764,-8.1032,-0.3146
13,L,R,-0.2859,2.2764,-21.391,-0.3924
13,L,S,-0.15,2.2764,-4.5183,-0.3272
13,L,T,-0.1292,2.2764,-5.7813,-0.2915
13,L,V,-0.0294,2.2764,-4.4028,-0.1701
13,L,W,-0.2383,2.2764,-21.391,-0.3301
13,L,Y,-0.2312,2.2764,-21.391,-0.3208
14,G,A,-0.1835,1.1894,-4.4553,-0.2405
14,G,C,-0.3314,1.1894,-21.743,-0.3187
14,G,D,-0.251,1.1894,-5.8703,-0.3194
14,G,E,-0.2452,1.1894,-4.8704,-0.3185
14,G,F,-0.3696,1.1894,-21.743,-0.3686
14,G,H,-0.3443,1.1894,-21.743,-0.3355
14,G,I,-0.4152,1.1894,-21.743,-0.4284
14,G,K,-0.2862,1.1894,-6.4553,-0.3616
14,G,L,-0.3835,1.1894,-21.743,-0.3868
14,G,M,-0.2487,1.1894,-7.4553,-0.3059
14,G,N,-0.3323,1.1894,-21.743,-0.3198
14,G,P,-0.3616,1.1894,-8.4552,-0.4469
14,G,Q,-0.3352,1.1894,-21.743,-0.3236
14,G,R,-0.2686,1.1894,-6.1334,-0.3407
14,G,S,-0.1904,1.1894,-4.648,-0.2482
14,G,T,-0.2867,1.1894,-8.4552,-0.3489
14,G,V,-0.2907,1.1894,-8.4552,-0.3541
14,G,W,-0.3015,1.1894,-8.4552,-0.3683
14,G,Y,-0.3699,1.1894,-21.743,-0.3691
15,D,A,-0.0867,1.9737,-6.4918,-0.1947
15,D,C,-0.2062,1.9737,-21.7796,-0.249
15,D,E,-0.0188,1.9737,-3.9683,-0.1226
15,D,F,-0.2649,1.9737,-21.7796,-0.3258
15,D,G,-0.0881,1.9737,-4.585,-0.2093
15,D,H,-0.1011,1.9737,-7.4918,-0.2069
15,D,I,-0.1812,1.9737,-6.9069,-0.3156
15,D,K,-0.1558,1.9737,-6.1699,-0.2873
15,D,L,-0.1829,1.9737,-8.4917,-0.3073
15,D,M,-0.1895,1.9737,-21.7796,-0.2271
15,D,N,-0.046,1.9737,-5.0324,-0.1511
15,D,P,-0.222,1.9737,-6.1699,-0.374
15,D,Q,-0.1239,1.9737,-8.4917,-0.23
15,D,R,-0.1987,1.9737,-8.4917,-0.3279
15,D,S,-0.0931,1.9737,-6.4918,-0.2031
15,D,T,-0.2012,1.9737,-21.7796,-0.2424
15,D,V,-0.113,1.9737,-2.4258,-0.2563
15,D,W,-0.2453,1.9737,-21.7796,-0.3002
15,D,Y,-0.2097,1.9737,-21.7796,-0.2536
16,K,A,-0.1075,1.4028,-5.3999,-0.1604
16,K,C,-0.2617,1.4028,-21.8576,-0.2523
16,K,D,-0.2195,1.4028,-5.9849,-0.3031
16,K,E,-0.1258,1.4028,-4.1104,-0.193
16,K,F,-0.2626,1.4028,-21.8576,-0.2535
16,K,G,-0.171,1.4028,-6.2479,-0.2379
16,K,H,-0.2016,1.4028,-21.8576,-0.1736
16,K,I,-0.162,1.4028,-8.5697,-0.2106
16,K,L,-0.2285,1.4028,-21.8576,-0.2089
16,K,M,-0.2016,1.4028,-21.8576,-0.1736
16,K,N,-0.1257,1.4028,-5.3999,-0.1843
16,K,P,-0.2899,1.4028,-6.9849,-0.3886
16,K,Q,-0.1067,1.4028,-5.3999,-0.1594
16,K,R,-0.043,1.4028,-5.7625,-0.0735
16,K,S,-0.1195,1.4028,-5.7625,-0.1737
16,K,T,-0.1457,1.4028,-8.5697,-0.1892
16,K,V,-0.1459,1.4028,-8.5697,-0.1895
16,K,W,-0.2716,1.4028,-21.8576,-0.2653
16,K,Y,-0.2475,1.4028,-21.8576,-0.2337
17,K,A,-0.0522,1.9947,-5.2403,-0.1604
17,K,C,-0.2072,1.9947,-21.85,-0.2523
17,K,D,-0.165,1.9947,-5.9773,-0.3031
17,K,E,-0.0788,1.9947,-5.5622,-0.193
17,K,F,-0.2081,1.9947,-21.85,-0.2535
17,K,G,-0.113,1.9947,-5.5622,-0.2379
17,K,H,-0.147,1.9947,-21.85,-0.1736
17,K,I,-0.0943,1.9947,-5.9773,-0.2106
17,K,L,-0.174,1.9947,-21.85,-0.2089
17,K,M,-0.0741,1.9947,-7.5622,-0.1736
17,K,N,-0.0705,1.9947,-5.2403,-0.1843
17,K,P,-0.2246,1.9947,-4.8618,-0.3886
17,K,Q,-0.0633,1.9947,-7.5622,-0.1594
17,K,R,0.0074,1.9947,-6.5622,-0.0735
17,K,S,-0.0691,1.9947,-6.5622,-0.1737
17,K,T,-0.0598,1.9947,-2.4125,-0.1892
17,K,V,-0.0914,1.9947,-8.5621,-0.1895
17,K,W,-0.2171,1.9947,-21.85,-0.2653
17,K,Y,-0.193,1.9947,-21.85,-0.2337
18,E,A,-0.0814,1.6779,-5.6036,-0.158
18,E,C,-0.2338,1.6779,-21.8913,-0.2488
18,E,D,-0.0333,1.6779,-2.9032,-0.1131
18,E,F,-0.2115,1.6779,-21.8913,-0.2195
18,E,G,-0.1106,1.6779,-6.2817,-0.1917
18,E,H,-0.2028,1.6779,-21.8913,-0.2081
18,E,I,-0.2168,1.6779,-21.8913,-0.2265
18,E,K,-0.0983,1.6779,-4.6036,-0.1868
18,E,L,-0.219,1.6779,-21.8913,-0.2293
18,E,M,-0.1678,1.6779,-21.8913,-0.1623
18,E,N,-0.1067,1.6779,-5.4337,-0.1923
18,E,P,-0.2434,1.6779,-6.6036,-0.3635
18,E,Q,-0.059,1.6779,-6.6036,-0.122
18,E,R,-0.1741,1.6779,-7.6036,-0.266
18,E,S,-0.0907,1.6779,-4.7963,-0.1756
18,E,T,-0.1938,1.6779,-21.8913,-0.1964
18,E,V,-0.0997,1.6779,-6.6036,-0.1753
18,E,W,-0.2216,1.6779,-21.8913,-0.2327
18,E,Y,-0.2123,1.6779,-21.8913,-0.2206
19,G,A,-0.0977,2.131,-4.633,-0.2405
19,G,C,-0.1779,2.131,-8.6329,-0.3187
19,G,D,-0.1595,2.131,-4.9326,-0.3194
19,G,E,-0.1634,2.131,-5.8256,-0.3185
19,G,F,-0.2838,2.131,-21.9207,-0.3686
19,G,H,-0.2585,2.131,-21.9207,-0.3355
19,G,I,-0.3295,2.131,-21.9207,-0.4284
19,G,K,-0.2026,2.131,-7.048,-0.3616
19,G,L,-0.2299,2.131,-8.6329,-0.3868
19,G,M,-0.2359,2.131,-21.9207,-0.3059
19,G,N,-0.1467,2.131,-2.3476,-0.3198
19,G,P,-0.2656,2.131,-6.633,-0.4469
19,G,Q,-0.1816,2.131,-8.6329,-0.3236
19,G,R,-0.1947,2.131,-8.6329,-0.3407
19,G,S,-0.0969,2.131,-3.3111,-0.2482
19,G,T,-0.181,2.131,-4.7261,-0.3489
19,G,V,-0.2049,2.131,-8.6329,-0.3541
19,G,W,-0.2836,2.131,-21.9207,-0.3683
19,G,Y,-0.2842,2.131,-21.9207,-0.3691
20,E,A,-0.1467,1.1462,-8.8232,-0.158
20,E,C,-0.2839,1.1462,-22.1111,-0.2488
20,E,D,-0.0786,1.1462,-2.194,-0.1131
20,E,F,-0.2615,1.1462,-22.1111,-0.2195
20,E,G,-0.1674,1.1462,-7.8233,-0.1917
20,E,H,-0.2528,1.1462,-22.1111,-0.2081
20,E,I,-0.2669,1.1462,-22.1111,-0.2265
20,E,K,-0.1526,1.1462,-5.6534,-0.1868
20,E,L,-0.269,1.1462,-22.1111,-0.2293
20,E,M,-0.2178,1.1462,-22.1111,-0.1623
20,E,N,-0.1597,1.1462,-6.2384,-0.1923
20,E,P,-0.3037,1.1462,-8.8232,-0.3635
20,E,Q,-0.1111,1.1462,-7.2384,-0.122
20,E,R,-0.297,1.1462,-22.1111,-0.266
20,E,S,-0.1602,1.1462,-8.8232,-0.1756
20,E,T,-0.2439,1.1462,-22.1111,-0.1964
20,E,V,-0.2278,1.1462,-22.1111,-0.1753
20,E,W,-0.2716,1.1462,-22.1111,-0.2327
20,E,Y,-0.2624,1.1462,-22.1111,-0.2206
21,Y,A,-0.2436,1.5222,-8.8391,-0.33
21,Y,C,-0.2143,1.5222,-8.8391,-0.2916
21,Y,D,-0.246,1.5222,-6.5173,-0.3486
21,Y,E,-0.3543,1.5222,-22.1269,-0.3862
21,Y,F,-0.0612,1.5222,-4.9323,-0.1173
21,Y,G,-0.382,1.5222,-22.1269,-0.4224
21,Y,H,-0.1155,1.5222,-1.8168,-0.2092
21,Y,I,-0.2506,1.5222,-7.8391,-0.3458
21,Y,K,-0.3796,1.5222,-22.1269,-0.4193
21,Y,L,-0.3006,1.5222,-22.1269,-0.3158
21,Y,M,-0.2527,1.5222,-22.1269,-0.2531
21,Y,N,-0.2266,1.5222,-6.8392,-0.3211
21,Y,P,-0.3678,1.5222,-8.8391,-0.4926
21,Y,Q,-0.2532,1.5222,-7.2542,-0.3532
21,Y,R,-0.3071,1.5222,-8.8391,-0.4132
21,Y,S,-0.2483,1.5222,-8.8391,-0.3362
21,Y,T,-0.2619,1.5222,-7.8391,-0.3606
21,Y,V,-0.235,1.5222,-6.8392,-0.3321
21,Y,W,-0.1612,1.5222,-8.8391,-0.2221
22,I,A,-0.3993,0.2869,-22.1238,-0.2963
22,I,C,-0.3793,0.2869,-22.1238,-0.2701
22,I,D,-0.5234,0.2869,-22.1238,-0.4587
22,I,E,-0.5043,0.2869,-22.1238,-0.4337
22,I,F,-0.2925,0.2869,-8.8359,-0.2452
22,I,G,-0.49,0.2869,-22.1238,-0.415
22,I,H,-0.4899,0.2869,-22.1238,-0.4149
22,I,K,-0.4968,0.2869,-22.1238,-0.4239
22,I,L,-0.2065,0.2869,-6.836,-0.146
22,I,M,-0.2143,0.2869,-7.251,-0.1534
22,I,N,-0.4364,0.2869,-22.1238,-0.3449
22,I,P,-0.5434,0.2869,-22.1238,-0.4849
22,I,Q,-0.464,0.2869,-22.1238,-0.381
22,I,R,-0.5236,0.2869,-22.1238,-0.459
22,I,S,-0.367,0.2869,-7.836,-0.3494
22,I,T,-0.2787,0.2869,-6.836,-0.2405
22,I,V,-0.1768,0.2869,-8.8359,-0.0938
22,I,W,-0.4492,0.2869,-22.1238,-0.3616
22,I,Y,-0.458,0.2869,-22.1238,-0.3732
23,K,A,-0.2028,1.2946,-22.1269,-0.1604
23,K,C,-0.273,1.2946,-22.1269,-0.2523
23,K,D,-0.2389,1.2946,-7.8391,-0.3031
23,K,E,-0.1548,1.2946,-7.8391,-0.193
23,K,F,-0.2739,1.2946,-22.1269,-0.2535
23,K,G,-0.262,1.2946,-22.1269,-0.2379
23,K,H,-0.2129,1.2946,-22.1269,-0.1736
23,K,I,-0.2411,1.2946,-22.1269,-0.2106
23,K,L,-0.2398,1.2946,-22.1269,-0.2089
23,K,M,-0.1451,1.2946,-8.8391,-0.1736
23,K,N,-0.117,1.2946,-1.7307,-0.1843
23,K,P,-0.3771,1.2946,-22.1269,-0.3886
23,K,Q,-0.1291,1.2946,-7.8391,-0.1594
23,K,R,-0.0473,1.2946,-4.6693,-0.0735
23,K,S,-0.1451,1.2946,-8.8391,-0.1737
23,K,T,-0.1519,1.2946,-7.8391,-0.1892
23,K,V,-0.225,1.2946,-22.1269,-0.1895
23,K,W,-0.2829,1.2946,-22.1269,-0.2653
23,K,Y,-0.2588,1.2946,-22.1269,-0.2337
24,L,A,-0.3773,0.4525,-22.1301,-0.2874
24,L,C,-0.3665,0.4525,-22.1301,-0.2733
24,L,D,-0.4988,0.4525,-22.1301,-0.4465
24,L,E,-0.4669,0.4525,-22.1301,-0.4047
24,L,F,-0.243,0.4525,-8.8422,-0.2003
24,L,G,-0.4522,0.4525,-22.1301,-0.3854
24,L,H,-0.4197,0.4525,-22.1301,-0.3429
24,L,I,-0.1609,0.4525,-4.3829,-0.1226
24,L,K,-0.4659,0.4525,-22.1301,-0.4034
24,L,M,-0.2747,0.4525,-22.1301,-0.1531
24,L,N,-0.4451,0.4525,-22.1301,-0.3762
24,L,P,-0.4607,0.4525,-22.1301,-0.3966
24,L,Q,-0.3981,0.4525,-22.1301,-0.3146
24,L,R,-0.3846,0.4525,-7.8423,-0.3924
24,L,S,-0.3318,0.4525,-7.2573,-0.3272
24,L,T,-0.3804,0.4525,-22.1301,-0.2915
24,L,V,-0.2118,0.4525,-7.2573,-0.1701
24,L,W,-0.4099,0.4525,-22.1301,-0.3301
24,L,Y,-0.4028,0.4525,-22.1301,-0.3208
25,K,A,-0.2722,0.5403,-22.1363,-0.1604
25,K,C,-0.3424,0.5403,-22.1363,-0.2523
25,K,D,-0.3812,0.5403,-22.1363,-0.3031
25,K,E,-0.2971,0.5403,-22.1363,-0.193
25,K,F,-0.3434,0.5403,-22.1363,-0.2535
25,K,G,-0.3314,0.5403,-22.1363,-0.2379
25,K,H,-0.2823,0.5403,-22.1363,-0.1736
25,K,I,-0.3106,0.5403,-22.1363,-0.2106
25,K,L,-0.3093,0.5403,-22.1363,-0.2089
25,K,M,-0.2823,0.5403,-22.1363,-0.1736
25,K,N,-0.2176,0.5403,-7.8486,-0.1843
25,K,P,-0.4466,0.5403,-22.1363,-0.3886
25,K,Q,-0.1905,0.5403,-6.2636,-0.1594
25,K,R,-0.1121,0.5403,-3.7612,-0.0735
25,K,S,-0.2824,0.5403,-22.1363,-0.1737
25,K,T,-0.2264,0.5403,-8.8485,-0.1892
25,K,V,-0.2945,0.5403,-22.1363,-0.1895
25,K,W,-0.3524,0.5403,-22.1363,-0.2653
25,K,Y,-0.3282,0.5403,-22.1363,-0.2337
26,V,A,-0.2657,0.185,-8.8578,-0.1977
26,V,C,-0.3614,0.185,-22.1457,-0.2342
26,V,D,-0.5001,0.185,-22.1457,-0.4158
26,V,E,-0.4574,0.185,-22.1457,-0.3599
26,V,F,-0.3428,0.185,-8.8578,-0.2987
26,V,G,-0.4593,0.185,-22.1457,-0.3624
26,V,H,-0.5031,0.185,-22.1457,-0.4197
26,V,I,-0.1931,0.185,-7.273,-0.1133
26,V,K,-0.4963,0.185,-22.1457,-0.4109
26,V,L,-0.2612,0.185,-7.8579,-0.1985
26,V,M,-0.3432,0.185,-22.1457,-0.2104
26,V,N,-0.4879,0.185,-22.1457,-0.3999
26,V,P,-0.47,0.185,-8.8578,-0.4652
26,V,Q,-0.468,0.185,-22.1457,-0.3738
26,V,R,-0.5173,0.185,-22.1457,-0.4384
26,V,S,-0.3693,0.185,-8.8578,-0.3334
26,V,T,-0.3525,0.185,-22.1457,-0.2226
26,V,W,-0.4512,0.185,-22.1457,-0.3518
26,V,Y,-0.4541,0.185,-22.1457,-0.3556
27,I,A,-0.1208,2.2271,-2.5392,-0.2963
27,I,C,-0.1331,2.2271,-8.8609,-0.2701
27,I,D,-0.345,2.2271,-22.1488,-0.4587
27,I,E,-0.3259,2.2271,-22.1488,-0.4337
27,I,F,-0.1141,2.2271,-8.8609,-0.2452
27,I,G,-0.2438,2.2271,-8.8609,-0.415
27,I,H,-0.3115,2.2271,-22.1488,-0.4149
27,I,K,-0.2362,2.2271,-6.0537,-0.4239
27,I,L,-0.0135,2.2271,-4.0031,-0.146
27,I,M,-0.027,2.2271,-5.5392,-0.1534
27,I,N,-0.1902,2.2271,-8.8609,-0.3449
27,I,P,-0.365,2.2271,-22.1488,-0.4849
27,I,Q,-0.2178,2.2271,-8.8609,-0.381
27,I,R,-0.3452,2.2271,-22.1488,-0.459
27,I,S,-0.1937,2.2271,-8.8609,-0.3494
27,I,T,-0.0874,2.2271,-4.3375,-0.2405
27,I,V,0.0357,2.2271,-2.1746,-0.0938
27,I,W,-0.2708,2.2271,-22.1488,-0.3616
27,I,Y,-0.2796,2.2271,-22.1488,-0.3732
28,G,A,-0.2261,0.8415,-6.536,-0.2405
28,G,C,-0.2977,0.8415,-8.8578,-0.3187
28,G,D,-0.2982,0.8415,-8.8578,-0.3194
28,G,E,-0.2894,0.8415,-7.273,-0.3185
28,G,F,-0.3307,0.8415,-7.8579,-0.3686
28,G,H,-0.3783,0.8415,-22.1457,-0.3355
28,G,I,-0.4493,0.8415,-22.1457,-0.4284
28,G,K,-0.3983,0.8415,-22.1457,-0.3616
28,G,L,-0.3497,0.8415,-8.8578,-0.3868
28,G,M,-0.3557,0.8415,-22.1457,-0.3059
28,G,N,-0.2883,0.8415,-6.858,-0.3198
28,G,P,-0.4634,0.8415,-22.1457,-0.4469
28,G,Q,-0.3692,0.8415,-22.1457,-0.3236
28,G,R,-0.2951,0.8415,-5.0506,-0.3407
28,G,S,-0.2269,0.8415,-5.536,-0.2482
28,G,T,-0.3031,0.8415,-5.3985,-0.3489
28,G,V,-0.3247,0.8415,-8.8578,-0.3541
28,G,W,-0.4034,0.8415,-22.1457,-0.3683
28,G,Y,-0.404,0.8415,-22.1457,-0.3691
29,Q,A,-0.152,0.7373,-6.5576,-0.1308
29,Q,C,-0.2779,0.7373,-22.1673,-0.1913
29,Q,D,-0.3182,0.7373,-22.1673,-0.2441
29,Q,E,-0.1609,0.7373,-7.2946,-0.1375
29,Q,F,-0.2859,0.7373,-22.1673,-0.2018
29,Q,G,-0.3023,0.7373,-22.1673,-0.2233
29,Q,H,-0.1598,0.7373,-7.8795,-0.1322
29,Q,I,-0.2673,0.7373,-22.1673,-0.1774
29,Q,K,-0.197,0.7373,-8.8794,-0.1742
29,Q,L,-0.2506,0.7373,-22.1673,-0.1556
29,Q,M,-0.2216,0.7373,-22.1673,-0.1176
29,Q,N,-0.1587,0.7373,-4.7921,-0.1513
29,Q,P,-0.4053,0.7373,-22.1673,-0.3581
29,Q,R,-0.1956,0.7373,-8.8794,-0.1723
29,Q,S,-0.161,0.7373,-4.7097,-0.1549
29,Q,T,-0.26,0.7373,-22.1673,-0.1679
29,Q,V,-0.1944,0.7373,-7.8795,-0.1775
29,Q,W,-0.2853,0.7373,-22.1673,-0.201
29,Q,Y,-0.2204,0.7373,-8.8794,-0.2048
30,D,A,-0.2252,0.4927,-6.9337,-0.1947
30,D,C,-0.3447,0.4927,-22.2214,-0.249
30,D,E,-0.1621,0.4927,-5.3487,-0.1226
30,D,F,-0.4034,0.4927,-22.2214,-0.3258
30,D,G,-0.2364,0.4927,-6.9337,-0.2093
30,D,H,-0.2448,0.4927,-8.9336,-0.2069
30,D,I,-0.3956,0.4927,-22.2214,-0.3156
30,D,K,-0.3062,0.4927,-8.9336,-0.2873
30,D,L,-0.3893,0.4927,-22.2214,-0.3073
30,D,M,-0.328,0.4927,-22.2214,-0.2271
30,D,N,-0.197,0.4927,-7.9336,-0.1511
30,D,P,-0.4402,0.4927,-22.2214,-0.374
30,D,Q,-0.2624,0.4927,-8.9336,-0.23
30,D,R,-0.405,0.4927,-22.2214,-0.3279
30,D,S,-0.2419,0.4927,-8.9336,-0.2031
30,D,T,-0.3397,0.4927,-22.2214,-0.2424
30,D,V,-0.2723,0.4927,-6.9337,-0.2563
30,D,W,-0.3838,0.4927,-22.2214,-0.3002
30,D,Y,-0.3483,0.4927,-22.2214,-0.2536
31,S,A,-0.0262,1.8504,-5.7696,-0.1054
31,S,C,-0.1606,1.8504,-22.2273,-0.1715
31,S,D,-0.2088,1.8504,-22.2273,-0.2346
31,S,E,-0.182,1.8504,-22.2273,-0.1995
31,S,F,-0.1882,1.8504,-22.2273,-0.2076
31,S,G,-0.017,1.8504,-2.1847,-0.1174
31,S,H,-0.1114,1.8504,-6.9395,-0.2092
31,S,I,-0.1235,1.8504,-8.9394,-0.2117
31,S,K,-0.131,1.8504,-8.9394,-0.2214
31,S,L,-0.1198,1.8504,-8.9394,-0.2068
31,S,M,-0.1587,1.8504,-22.2273,-0.1689
31,S,N,-0.0332,1.8504,-2.7697,-0.1346
31,S,P,-0.2636,1.8504,-22.2273,-0.3063
31,S,Q,-0.07,1.8504,-6.1322,-0.1603
31,S,R,-0.1311,1.8504,-7.9395,-0.2283
31,S,T,-0.0131,1.8504,-5.0327,-0.0932
31,S,V,-0.1656,1.8504,-22.2273,-0.178
31,S,W,-0.1979,1.8504,-22.2273,-0.2203
31,S,Y,-0.193,1.8504,-22.2273,-0.2139
32,S,A,-0.064,1.3603,-4.3546,-0.1054
32,S,C,-0.2057,1.3603,-22.2273,-0.1715
32,S,D,-0.1861,1.3603,-8.9394,-0.2346
32,S,E,-0.2271,1.3603,-22.2273,-0.1995
32,S,F,-0.2333,1.3603,-22.2273,-0.2076
32,S,G,-0.0864,1.3603,-6.9395,-0.1174
32,S,H,-0.2345,1.3603,-22.2273,-0.2092
32,S,I,-0.2364,1.3603,-22.2273,-0.2117
32,S,K,-0.1709,1.3603,-7.9395,-0.2214
32,S,L,-0.2327,1.3603,-22.2273,-0.2068
32,S,M,-0.2038,1.3603,-22.2273,-0.1689
32,S,N,-0.0756,1.3603,-2.2531,-0.1346
32,S,P,-0.3087,1.3603,-22.2273,-0.3063
32,S,Q,-0.1213,1.3603,-7.3546,-0.1603
32,S,R,-0.2491,1.3603,-22.2273,-0.2283
32,S,T,-0.0582,1.3603,-5.0327,-0.0932
32,S,V,-0.2107,1.3603,-22.2273,-0.178
32,S,W,-0.243,1.3603,-22.2273,-0.2203
32,S,Y,-0.2381,1.3603,-22.2273,-0.2139
33,E,A,-0.1488,1.0425,-7.3546,-0.158
33,E,C,-0.294,1.0425,-22.2273,-0.2488
33,E,D,-0.1107,1.0425,-6.6176,-0.1131
33,E,F,-0.2717,1.0425,-22.2273,-0.2195
33,E,G,-0.1745,1.0425,-7.3546,-0.1917
33,E,H,-0.2629,1.0425,-22.2273,-0.2081
33,E,I,-0.2011,1.0425,-7.3546,-0.2265
33,E,K,-0.2467,1.0425,-22.2273,-0.1868
33,E,L,-0.2113,1.0425,-8.9394,-0.2293
33,E,M,-0.228,1.0425,-22.2273,-0.1623
33,E,N,-0.2509,1.0425,-22.2273,-0.1923
33,E,P,-0.3816,1.0425,-22.2273,-0.3635
33,E,Q,-0.1294,1.0425,-8.9394,-0.122
33,E,R,-0.3072,1.0425,-22.2273,-0.266
33,E,S,-0.2381,1.0425,-22.2273,-0.1756
33,E,T,-0.1862,1.0425,-8.9394,-0.1964
33,E,V,-0.1358,1.0425,-2.2253,-0.1753
33,E,W,-0.2817,1.0425,-22.2273,-0.2327
33,E,Y,-0.2725,1.0425,-22.2273,-0.2206
34,I,A,-0.2389,1.2988,-8.9424,-0.2963
34,I,C,-0.2867,1.2988,-22.2302,-0.2701
34,I,D,-0.4308,1.2988,-22.2302,-0.4587
34,I,E,-0.4117,1.2988,-22.2302,-0.4337
34,I,F,-0.1948,1.2988,-7.9424,-0.2452
34,I,G,-0.3974,1.2988,-22.2302,-0.415
34,I,H,-0.3973,1.2988,-22.2302,-0.4149
34,I,K,-0.4042,1.2988,-22.2302,-0.4239
34,I,L,-0.1123,1.2988,-6.6206,-0.146
34,I,M,-0.1196,1.2988,-6.9425,-0.1534
34,I,N,-0.3439,1.2988,-22.2302,-0.3449
34,I,P,-0.4508,1.2988,-22.2302,-0.4849
34,I,Q,-0.3714,1.2988,-22.2302,-0.381
34,I,R,-0.431,1.2988,-22.2302,-0.459
34,I,S,-0.2663,1.2988,-6.3575,-0.3494
34,I,T,-0.1861,1.2988,-6.9425,-0.2405
34,I,V,-0.0457,1.2988,-1.3879,-0.0938
34,I,W,-0.3566,1.2988,-22.2302,-0.3616
34,I,Y,-0.3655,1.2988,-22.2302,-0.3732
35,H,A,-0.1933,1.1266,-22.2302,-0.1271
35,H,C,-0.2479,1.1266,-22.2302,-0.1985
35,H,D,-0.2405,1.1266,-22.2302,-0.1889
35,H,E,-0.2521,1.1266,-22.2302,-0.204
35,H,F,-0.1255,1.1266,-4.6946,-0.1554
35,H,G,-0.2759,1.1266,-22.2302,-0.2352
35,H,I,-0.2118,1.1266,-8.9424,-0.24
35,H,K,-0.2363,1.1266,-22.2302,-0.1833
35,H,L,-0.1753,1.1266,-8.9424,-0.1923
35,H,M,-0.1933,1.1266,-22.2302,-0.127
35,H,N,-0.2001,1.1266,-22.2302,-0.1359
35,H,P,-0.3566,1.1266,-22.2302,-0.3408
35,H,Q,-0.06,1.1266,-2.3278,-0.0855
35,H,R,-0.1619,1.1266,-8.9424,-0.1747
35,H,S,-0.1993,1.1266,-22.2302,-0.1349
35,H,T,-0.1763,1.1266,-8.9424,-0.1936
35,H,V,-0.236,1.1266,-22.2302,-0.1829
35,H,W,-0.2312,1.1266,-22.2302,-0.1767
35,H,Y,-0.083,1.1266,-6.1351,-0.0902
36,F,A,-0.4391,0.1104,-22.2302,-0.3264
36,F,C,-0.3394,0.1104,-8.9424,-0.2847
36,F,D,-0.5621,0.1104,-22.2302,-0.4874
36,F,E,-0.5314,0.1104,-22.2302,-0.4473
36,F,G,-0.4066,0.1104,-8.9424,-0.3727
36,F,H,-0.4667,0.1104,-22.2302,-0.3625
36,F,I,-0.383,0.1104,-22.2302,-0.253
36,F,K,-0.5383,0.1104,-22.2302,-0.4563
36,F,L,-0.2671,0.1104,-6.9425,-0.2034
36,F,M,-0.3761,0.1104,-22.2302,-0.244
36,F,N,-0.4917,0.1104,-22.2302,-0.3953
36,F,P,-0.5624,0.1104,-22.2302,-0.4879
36,F,Q,-0.4938,0.1104,-22.2302,-0.398
36,F,R,-0.5397,0.1104,-22.2302,-0.4581
36,F,S,-0.4181,0.1104,-22.2302,-0.2989
36,F,T,-0.4644,0.1104,-22.2302,-0.3595
36,F,V,-0.3774,0.1104,-22.2302,-0.2456
36,F,W,-0.3626,0.1104,-22.2302,-0.2263
36,F,Y,-0.3309,0.1104,-22.2302,-0.1848
37,K,A,-0.2423,0.8715,-22.2332,-0.1604
37,K,C,-0.3125,0.8715,-22.2332,-0.2523
37,K,D,-0.3513,0.8715,-22.2332,-0.3031
37,K,E,-0.1892,0.8715,-6.9454,-0.193
37,K,F,-0.3134,0.8715,-22.2332,-0.2535
37,K,G,-0.2337,0.8715,-8.9453,-0.2379
37,K,H,-0.2524,0.8715,-22.2332,-0.1736
37,K,I,-0.2806,0.8715,-22.2332,-0.2106
37,K,L,-0.2793,0.8715,-22.2332,-0.2089
37,K,M,-0.2524,0.8715,-22.2332,-0.1736
37,K,N,-0.2605,0.8715,-22.2332,-0.1843
37,K,P,-0.4166,0.8715,-22.2332,-0.3886
37,K,Q,-0.1619,0.8715,-6.6235,-0.1594
37,K,R,-0.0746,0.8715,-2.3756,-0.0735
37,K,S,-0.2524,0.8715,-22.2332,-0.1737
37,K,T,-0.2643,0.8715,-22.2332,-0.1892
37,K,V,-0.2645,0.8715,-22.2332,-0.1895
37,K,W,-0.3224,0.8715,-22.2332,-0.2653
37,K,Y,-0.2983,0.8715,-22.2332,-0.2337
38,V,A,-0.2501,1.0966,-22.2332,-0.1977
38,V,C,-0.205,1.0966,-7.9454,-0.2342
38,V,D,-0.4166,1.0966,-22.2332,-0.4158
38,V,E,-0.2981,1.0966,-7.3604,-0.3599
38,V,F,-0.3272,1.0966,-22.2332,-0.2987
38,V,G,-0.308,1.0966,-8.9453,-0.3624
38,V,H,-0.4196,1.0966,-22.2332,-0.4197
38,V,I,-0.0815,1.0966,-1.8369,-0.1133
38,V,K,-0.4129,1.0966,-22.2332,-0.4109
38,V,L,-0.1727,1.0966,-6.9454,-0.1985
38,V,M,-0.1839,1.0966,-7.3604,-0.2104
38,V,N,-0.4045,1.0966,-22.2332,-0.3999
38,V,P,-0.4544,1.0966,-22.2332,-0.4652
38,V,Q,-0.3846,1.0966,-22.2332,-0.3738
38,V,R,-0.3661,1.0966,-8.9453,-0.4384
38,V,S,-0.3537,1.0966,-22.2332,-0.3334
38,V,T,-0.2691,1.0966,-22.2332,-0.2226
38,V,W,-0.3678,1.0966,-22.2332,-0.3518
38,V,Y,-0.3707,1.0966,-22.2332,-0.3556
39,K,A,-0.3085,0.1522,-22.2332,-0.1604
39,K,C,-0.3787,0.1522,-22.2332,-0.2523
39,K,D,-0.4175,0.1522,-22.2332,-0.3031
39,K,E,-0.3334,0.1522,-22.2332,-0.193
39,K,F,-0.3118,0.1522,-8.9453,-0.2535
39,K,G,-0.2998,0.1522,-8.9453,-0.2379
39,K,H,-0.3185,0.1522,-22.2332,-0.1736
39,K,I,-0.279,0.1522,-8.9453,-0.2106
39,K,L,-0.3455,0.1522,-22.2332,-0.2089
39,K,M,-0.2507,0.1522,-8.9453,-0.1736
39,K,N,-0.3267,0.1522,-22.2332,-0.1843
39,K,P,-0.4828,0.1522,-22.2332,-0.3886
39,K,Q,-0.3077,0.1522,-22.2332,-0.1594
39,K,R,-0.1641,0.1522,-6.9454,-0.0735
39,K,S,-0.3186,0.1522,-22.2332,-0.1737
39,K,T,-0.3305,0.1522,-22.2332,-0.1892
39,K,V,-0.3307,0.1522,-22.2332,-0.1895
39,K,W,-0.3886,0.1522,-22.2332,-0.2653
39,K,Y,-0.3644,0.1522,-22.2332,-0.2337
40,M,A,-0.123,2.1079,-5.641,-0.2641
40,M,C,-0.2133,2.1079,-22.2506,-0.2713
40,M,D,-0.3192,2.1079,-22.2506,-0.41
40,M,E,-0.2417,2.1079,-8.9628,-0.3972
40,M,F,-0.1251,2.1079,-5.056,-0.2707
40,M,G,-0.2887,2.1079,-22.2506,-0.37
40,M,H,-0.2661,2.1079,-22.2506,-0.3404
40,M,I,-0.0454,2.1079,-6.6409,-0.1558
40,M,K,-0.1741,2.1079,-3.3779,-0.346
40,M,L,-0.01,2.1079,-6.1555,-0.1126
40,M,N,-0.1778,2.1079,-5.9629,-0.3336
40,M,P,-0.3058,2.1079,-7.9628,-0.4879
40,M,Q,-0.1749,2.1079,-6.9629,-0.3232
40,M,R,-0.1962,2.1079,-2.3779,-0.3817
40,M,S,-0.1595,2.1079,-6.6409,-0.3052
40,M,T,-0.106,2.1079,-7.9628,-0.2263
40,M,V,-0.0843,2.1079,-7.9628,-0.1978
40,M,W,-0.2756,2.1079,-22.2506,-0.3529
40,M,Y,-0.1704,2.1079,-5.641,-0.3261
41,T,A,-0.0696,1.8101,-5.2625,-0.1608
41,T,C,-0.1921,1.8101,-22.2506,-0.2077
41,T,D,-0.196,1.8101,-7.3779,-0.3121
41,T,E,-0.2472,1.8101,-22.2506,-0.2798
41,T,F,-0.1957,1.8101,-8.9628,-0.3012
41,T,G,-0.1362,1.8101,-3.9185,-0.257
41,T,H,-0.1421,1.8101,-2.319,-0.2754
41,T,I,-0.1144,1.8101,-8.9628,-0.1947
41,T,K,-0.1665,1.8101,-7.9628,-0.2696
41,T,L,-0.2341,1.8101,-22.2506,-0.2627
41,T,M,-0.123,1.8101,-6.9629,-0.2194
41,T,N,-0.1288,1.8101,-5.9629,-0.2336
41,T,P,-0.3206,1.8101,-22.2506,-0.3759
41,T,Q,-0.1536,1.8101,-8.9628,-0.246
41,T,R,-0.2422,1.8101,-22.2506,-0.2733
41,T,S,-0.0314,1.8101,-4.8754,-0.1133
41,T,V,-0.0939,1.8101,-7.3779,-0.1784
41,T,W,-0.2564,1.8101,-22.2506,-0.2919
41,T,Y,-0.1921,1.8101,-7.9628,-0.3031
42,T,A,-0.2341,0.2276,-8.957,-0.1608
42,T,C,-0.3377,0.2276,-22.2448,-0.2077
42,T,D,-0.4175,0.2276,-22.2448,-0.3121
42,T,E,-0.3928,0.2276,-22.2448,-0.2798
42,T,F,-0.4091,0.2276,-22.2448,-0.3012
42,T,G,-0.3754,0.2276,-22.2448,-0.257
42,T,H,-0.3894,0.2276,-22.2448,-0.2754
42,T,I,-0.2519,0.2276,-7.3721,-0.1947
42,T,K,-0.385,0.2276,-22.2448,-0.2696
42,T,L,-0.3068,0.2276,-7.957,-0.2627
42,T,M,-0.2707,0.2276,-7.3721,-0.2194
42,T,N,-0.3575,0.2276,-22.2448,-0.2336
42,T,P,-0.3984,0.2276,-8.957,-0.3759
42,T,Q,-0.367,0.2276,-22.2448,-0.246
42,T,R,-0.32,0.2276,-8.957,-0.2733
42,T,S,-0.1978,0.2276,-8.957,-0.1133
42,T,V,-0.3153,0.2276,-22.2448,-0.1784
42,T,W,-0.402,0.2276,-22.2448,-0.2919
42,T,Y,-0.4106,0.2276,-22.2448,-0.3031
43,H,A,0.0013,2.2745,-4.793,-0.1271
43,H,C,-0.0746,2.2745,-8.9628,-0.1985
43,H,D,-0.135,2.2745,-22.2506,-0.1889
43,H,E,-0.0707,2.2745,-7.3779,-0.204
43,H,F,-0.0416,2.2745,-8.9628,-0.1554
43,H,G,-0.1704,2.2745,-22.2506,-0.2352
43,H,I,-0.1063,2.2745,-8.9628,-0.24
43,H,K,-0.0549,2.2745,-7.3779,-0.1833
43,H,L,-0.0698,2.2745,-8.9628,-0.1923
43,H,M,-0.0878,2.2745,-22.2506,-0.127
43,H,N,-0.0165,2.2745,-6.9629,-0.1359
43,H,P,-0.1478,2.2745,-2.0087,-0.3408
43,H,Q,0.0431,2.2745,-2.8132,-0.0855
43,H,R,-0.0432,2.2745,-6.3779,-0.1747
43,H,S,-0.0005,2.2745,-3.9629,-0.1349
43,H,T,-0.0565,2.2745,-6.1555,-0.1936
43,H,V,-0.0626,2.2745,-8.9628,-0.1829
43,H,W,-0.1257,2.2745,-22.2506,-0.1767
43,H,Y,0.0133,2.2745,-7.9628,-0.0902
44,L,A,-0.3322,0.949,-22.2506,-0.2874
44,L,C,-0.3215,0.949,-22.2506,-0.2733
44,L,D,-0.4538,0.949,-22.2506,-0.4465
44,L,E,-0.4218,0.949,-22.2506,-0.4047
44,L,F,-0.179,0.949,-5.2625,-0.2003
44,L,G,-0.4071,0.949,-22.2506,-0.3854
44,L,H,-0.2987,0.949,-7.3779,-0.3429
44,L,I,-0.2064,0.949,-22.2506,-0.1226
44,L,K,-0.353,0.949,-8.9628,-0.4034
44,L,M,-0.1292,0.949,-2.5706,-0.1531
44,L,N,-0.4001,0.949,-22.2506,-0.3762
44,L,P,-0.3427,0.949,-7.9628,-0.3966
44,L,Q,-0.353,0.949,-22.2506,-0.3146
44,L,R,-0.4124,0.949,-22.2506,-0.3924
44,L,S,-0.3626,0.949,-22.2506,-0.3272
44,L,T,-0.3354,0.949,-22.2506,-0.2915
44,L,V,-0.1748,0.949,-8.9628,-0.1701
44,L,W,-0.3649,0.949,-22.2506,-0.3301
44,L,Y,-0.3577,0.949,-22.2506,-0.3208
45,K,A,-0.0376,2.1289,-4.793,-0.1604
45,K,C,-0.1969,2.1289,-22.2506,-0.2523
45,K,D,-0.2357,2.1289,-22.2506,-0.3031
45,K,E,-0.0735,2.1289,-6.9629,-0.193
45,K,F,-0.1978,2.1289,-22.2506,-0.2535
45,K,G,-0.0877,2.1289,-3.0087,-0.2379
45,K,H,-0.1367,2.1289,-22.2506,-0.1736
45,K,I,-0.0921,2.1289,-7.9628,-0.2106
45,K,L,-0.0878,2.1289,-7.3779,-0.2089
45,K,M,-0.0689,2.1289,-8.9628,-0.1736
45,K,N,-0.0628,2.1289,-6.1555,-0.1843
45,K,P,-0.301,2.1289,-22.2506,-0.3886
45,K,Q,-0.05,2.1289,-7.3779,-0.1594
45,K,R,0.0347,2.1289,-3.641,-0.0735
45,K,S,-0.0367,2.1289,-2.6231,-0.1737
45,K,T,-0.1487,2.1289,-22.2506,-0.1892
45,K,V,-0.0668,2.1289,-6.1555,-0.1895
45,K,W,-0.2068,2.1289,-22.2506,-0.2653
45,K,Y,-0.1148,2.1289,-8.9628,-0.2337
46,K,A,-0.2901,0.3521,-22.2477,-0.1604
46,K,C,-0.3603,0.3521,-22.2477,-0.2523
46,K,D,-0.3991,0.3521,-22.2477,-0.3031
46,K,E,-0.2472,0.3521,-8.9599,-0.193
46,K,F,-0.3612,0.3521,-22.2477,-0.2535
46,K,G,-0.3493,0.3521,-22.2477,-0.2379
46,K,H,-0.3002,0.3521,-22.2477,-0.1736
46,K,I,-0.3285,0.3521,-22.2477,-0.2106
46,K,L,-0.3272,0.3521,-22.2477,-0.2089
46,K,M,-0.3002,0.3521,-22.2477,-0.1736
46,K,N,-0.2355,0.3521,-7.9599,-0.1843
46,K,P,-0.4644,0.3521,-22.2477,-0.3886
46,K,Q,-0.2216,0.3521,-8.9599,-0.1594
46,K,R,-0.1351,0.3521,-4.8725,-0.0735
46,K,S,-0.3003,0.3521,-22.2477,-0.1737
46,K,T,-0.2392,0.3521,-7.9599,-0.1892
46,K,V,-0.3124,0.3521,-22.2477,-0.1895
46,K,W,-0.3703,0.3521,-22.2477,-0.2653
46,K,Y,-0.2783,0.3521,-8.9599,-0.2337
47,L,A,-0.4044,0.1647,-22.2477,-0.2874
47,L,C,-0.3936,0.1647,-22.2477,-0.2733
47,L,D,-0.5259,0.1647,-22.2477,-0.4465
47,L,E,-0.494,0.1647,-22.2477,-0.4047
47,L,F,-0.3379,0.1647,-22.2477,-0.2003
47,L,G,-0.4792,0.1647,-22.2477,-0.3854
47,L,H,-0.379,0.1647,-8.9599,-0.3429
47,L,I,-0.2026,0.1647,-7.375,-0.1226
47,L,K,-0.493,0.1647,-22.2477,-0.4034
47,L,M,-0.3018,0.1647,-22.2477,-0.1531
47,L,N,-0.4722,0.1647,-22.2477,-0.3762
47,L,P,-0.4149,0.1647,-7.9599,-0.3966
47,L,Q,-0.4252,0.1647,-22.2477,-0.3146
47,L,R,-0.4846,0.1647,-22.2477,-0.3924
47,L,S,-0.4348,0.1647,-22.2477,-0.3272
47,L,T,-0.4075,0.1647,-22.2477,-0.2915
47,L,V,-0.2389,0.1647,-7.375,-0.1701
47,L,W,-0.437,0.1647,-22.2477,-0.3301
47,L,Y,-0.4299,0.1647,-22.2477,-0.3208
48,K,A,-0.1538,1.0968,-8.957,-0.1604
48,K,C,-0.224,1.0968,-8.957,-0.2523
48,K,D,-0.3306,1.0968,-22.2448,-0.3031
48,K,E,-0.1685,1.0968,-6.9571,-0.193
48,K,F,-0.2927,1.0968,-22.2448,-0.2535
48,K,G,-0.2808,1.0968,-22.2448,-0.2379
48,K,H,-0.2317,1.0968,-22.2448,-0.1736
48,K,I,-0.1921,1.0968,-8.957,-0.2106
48,K,L,-0.179,1.0968,-6.6352,-0.2089
48,K,M,-0.1278,1.0968,-1.891,-0.1736
48,K,N,-0.2399,1.0968,-22.2448,-0.1843
48,K,P,-0.3959,1.0968,-22.2448,-0.3886
48,K,Q,-0.153,1.0968,-8.957,-0.1594
48,K,R,-0.0823,1.0968,-7.957,-0.0735
48,K,S,-0.2318,1.0968,-22.2448,-0.1737
48,K,T,-0.2436,1.0968,-22.2448,-0.1892
48,K,V,-0.2438,1.0968,-22.2448,-0.1895
48,K,W,-0.3017,1.0968,-22.2448,-0.2653
48,K,Y,-0.2776,1.0968,-22.2448,-0.2337
49,E,A,-0.0711,1.8878,-7.375,-0.158
49,E,C,-0.2164,1.8878,-22.2477,-0.2488
49,E,D,-0.0255,1.8878,-5.1526,-0.1131
49,E,F,-0.194,1.8878,-22.2477,-0.2195
49,E,G,-0.0998,1.8878,-7.9599,-0.1917
49,E,H,-0.1853,1.8878,-22.2477,-0.2081
49,E,I,-0.1993,1.8878,-22.2477,-0.2265
49,E,K,-0.0631,1.8878,-1.5006,-0.1868
49,E,L,-0.1337,1.8878,-8.9599,-0.2293
49,E,M,-0.1503,1.8878,-22.2477,-0.1623
49,E,N,-0.083,1.8878,-4.5677,-0.1923
49,E,P,-0.304,1.8878,-22.2477,-0.3635
49,E,Q,-0.0355,1.8878,-5.7901,-0.122
49,E,R,-0.1417,1.8878,-5.0531,-0.266
49,E,S,-0.0808,1.8878,-6.6381,-0.1756
49,E,T,-0.0967,1.8878,-6.6381,-0.1964
49,E,V,-0.0873,1.8878,-7.9599,-0.1753
49,E,W,-0.2041,1.8878,-22.2477,-0.2327
49,E,Y,-0.1948,1.8878,-22.2477,-0.2206
50,S,A,-0.0553,1.3156,-1.8411,-0.1054
50,S,C,-0.21,1.3156,-22.2477,-0.1715
50,S,D,-0.2582,1.3156,-22.2477,-0.2346
50,S,E,-0.2313,1.3156,-22.2477,-0.1995
50,S,F,-0.1697,1.3156,-8.9599,-0.2076
50,S,G,-0.1686,1.3156,-22.2477,-0.1174
50,S,H,-0.1658,1.3156,-7.9599,-0.2092
50,S,I,-0.1648,1.3156,-7.375,-0.2117
50,S,K,-0.2481,1.3156,-22.2477,-0.2214
50,S,L,-0.1559,1.3156,-6.375,-0.2068
50,S,M,-0.208,1.3156,-22.2477,-0.1689
50,S,N,-0.1089,1.3156,-7.9599,-0.1346
50,S,P,-0.24,1.3156,-7.9599,-0.3063
50,S,Q,-0.2014,1.3156,-22.2477,-0.1603
50,S,R,-0.1855,1.3156,-8.9599,-0.2283
50,S,T,-0.0647,1.3156,-5.5006,-0.0932
50,S,V,-0.2149,1.3156,-22.2477,-0.178
50,S,W,-0.1743,1.3156,-7.9599,-0.2203
50,S,Y,-0.2423,1.3156,-22.2477,-0.2139
51,Y,A,-0.4146,0.4072,-22.2477,-0.33
51,Y,C,-0.3094,0.4072,-7.375,-0.2916
51,Y,D,-0.3529,0.4072,-7.375,-0.3486
51,Y,E,-0.4575,0.4072,-22.2477,-0.3862
51,Y,F,-0.1674,0.4072,-5.6381,-0.1173
51,Y,G,-0.4852,0.4072,-22.2477,-0.4224
51,Y,H,-0.2392,0.4072,-5.96,-0.2092
51,Y,I,-0.4267,0.4072,-22.2477,-0.3458
51,Y,K,-0.4828,0.4072,-22.2477,-0.4193
51,Y,L,-0.336,0.4072,-8.9599,-0.3158
51,Y,M,-0.3559,0.4072,-22.2477,-0.2531
51,Y,N,-0.4078,0.4072,-22.2477,-0.3211
51,Y,P,-0.5388,0.4072,-22.2477,-0.4926
51,Y,Q,-0.4323,0.4072,-22.2477,-0.3532
51,Y,R,-0.4782,0.4072,-22.2477,-0.4132
51,Y,S,-0.3515,0.4072,-8.9599,-0.3362
51,Y,T,-0.438,0.4072,-22.2477,-0.3606
51,Y,V,-0.4162,0.4072,-22.2477,-0.3321
51,Y,W,-0.3322,0.4072,-22.2477,-0.2221
52,C,A,-0.286,1.2034,-3.4682,-0.383
52,C,D,-0.4891,1.2034,-22.2477,-0.5234
52,C,E,-0.4767,1.2034,-22.2477,-0.5072
52,C,F,-0.3758,1.2034,-22.2477,-0.3751
52,C,G,-0.3743,1.2034,-22.2477,-0.3731
52,C,H,-0.4875,1.2034,-22.2477,-0.5214
52,C,I,-0.4057,1.2034,-22.2477,-0.4142
52,C,K,-0.4773,1.2034,-22.2477,-0.508
52,C,L,-0.3709,1.2034,-8.9599,-0.4575
52,C,M,-0.406,1.2034,-22.2477,-0.4146
52,C,N,-0.4315,1.2034,-22.2477,-0.448
52,C,P,-0.5001,1.2034,-22.2477,-0.5379
52,C,Q,-0.4555,1.2034,-22.2477,-0.4794
52,C,R,-0.3663,1.2034,-8.9599,-0.4514
52,C,S,-0.2713,1.2034,-2.4054,-0.3709
52,C,T,-0.3395,1.2034,-8.9599,-0.4163
52,C,V,-0.4038,1.2034,-22.2477,-0.4117
52,C,W,-0.3789,1.2034,-22.2477,-0.3792
52,C,Y,-0.3122,1.2034,-7.9599,-0.3873
53,Q,A,-0.044,1.9159,-6.6381,-0.1308
53,Q,C,-0.102,1.9159,-8.9599,-0.1913
53,Q,D,-0.1094,1.9159,-2.5006,-0.2441
53,Q,E,-0.0252,1.9159,-1.9488,-0.1375
53,Q,F,-0.1101,1.9159,-8.9599,-0.2018
53,Q,G,-0.1943,1.9159,-22.2477,-0.2233
53,Q,H,-0.1247,1.9159,-22.2477,-0.1322
53,Q,I,-0.1592,1.9159,-22.2477,-0.1774
53,Q,K,-0.0809,1.9159,-7.375,-0.1742
53,Q,L,-0.0697,1.9159,-7.9599,-0.1556
53,Q,M,-0.1135,1.9159,-22.2477,-0.1176
53,Q,N,-0.0634,1.9159,-7.375,-0.1513
53,Q,P,-0.2294,1.9159,-8.9599,-0.3581
53,Q,R,-0.0773,1.9159,-6.96,-0.1723
53,Q,S,-0.0553,1.9159,-5.2596,-0.1549
53,Q,T,-0.0791,1.9159,-7.9599,-0.1679
53,Q,V,-0.1593,1.9159,-22.2477,-0.1775
53,Q,W,-0.1773,1.9159,-22.2477,-0.201
53,Q,Y,-0.1802,1.9159,-22.2477,-0.2048
54,R,A,-0.3035,0.4197,-8.957,-0.2748
54,R,C,-0.3801,0.4197,-22.2448,-0.2864
54,R,D,-0.4623,0.4197,-22.2448,-0.394
54,R,E,-0.4076,0.4197,-22.2448,-0.3223
54,R,F,-0.4034,0.4197,-22.2448,-0.3169
54,R,G,-0.3337,0.4197,-7.957,-0.3211
54,R,H,-0.2681,0.4197,-7.957,-0.2352
54,R,I,-0.4007,0.4197,-22.2448,-0.3133
54,R,K,-0.1729,0.4197,-4.8696,-0.1311
54,R,L,-0.3059,0.4197,-8.957,-0.278
54,R,M,-0.2718,0.4197,-8.957,-0.2333
54,R,N,-0.3862,0.4197,-22.2448,-0.2943
54,R,P,-0.5134,0.4197,-22.2448,-0.4608
54,R,Q,-0.346,0.4197,-22.2448,-0.2417
54,R,S,-0.3718,0.4197,-22.2448,-0.2755
54,R,T,-0.2982,0.4197,-6.9571,-0.2812
54,R,V,-0.3878,0.4197,-22.2448,-0.2964
54,R,W,-0.389,0.4197,-22.2448,-0.298
54,R,Y,-0.3928,0.4197,-22.2448,-0.3029
55,Q,A,-0.0661,1.5772,-4.8667,-0.1308
55,Q,C,-0.201,1.5772,-22.2419,-0.1913
55,Q,D,-0.2413,1.5772,-22.2419,-0.2441
55,Q,E,-0.087,1.5772,-7.9541,-0.1375
55,Q,F,-0.209,1.5772,-22.2419,-0.2018
55,Q,G,-0.2254,1.5772,-22.2419,-0.2233
55,Q,H,-0.088,1.5772,-8.9541,-0.1322
55,Q,I,-0.1145,1.5772,-7.3692,-0.1774
55,Q,K,-0.1201,1.5772,-8.9541,-0.1742
55,Q,L,-0.086,1.5772,-5.0473,-0.1556
55,Q,M,-0.0565,1.5772,-4.9542,-0.1176
55,Q,N,-0.1704,1.5772,-22.2419,-0.1513
55,Q,P,-0.3284,1.5772,-22.2419,-0.3581
55,Q,R,-0.1106,1.5772,-7.3692,-0.1723
55,Q,S,-0.1003,1.5772,-7.9541,-0.1549
55,Q,T,-0.0893,1.5772,-3.8667,-0.1679
55,Q,V,-0.0949,1.5772,-3.5279,-0.1775
55,Q,W,-0.2084,1.5772,-22.2419,-0.201
55,Q,Y,-0.2113,1.5772,-22.2419,-0.2048
56,G,A,-0.2487,0.5998,-6.5999,-0.2405
56,G,C,-0.3203,0.5998,-8.9217,-0.3187
56,G,D,-0.3065,0.5998,-6.1145,-0.3194
56,G,E,-0.3099,0.5998,-6.9218,-0.3185
56,G,F,-0.4262,0.5998,-22.2096,-0.3686
56,G,H,-0.4009,0.5998,-22.2096,-0.3355
56,G,I,-0.4719,0.5998,-22.2096,-0.4284
56,G,K,-0.3479,0.5998,-7.9218,-0.3616
56,G,L,-0.4401,0.5998,-22.2096,-0.3868
56,G,M,-0.3783,0.5998,-22.2096,-0.3059
56,G,N,-0.3211,0.5998,-8.9217,-0.3198
56,G,P,-0.4182,0.5998,-8.9217,-0.4469
56,G,Q,-0.324,0.5998,-8.9217,-0.3236
56,G,R,-0.329,0.5998,-7.3368,-0.3407
56,G,S,-0.2511,0.5998,-5.9218,-0.2482
56,G,T,-0.3433,0.5998,-8.9217,-0.3489
56,G,V,-0.3473,0.5998,-8.9217,-0.3541
56,G,W,-0.426,0.5998,-22.2096,-0.3683
56,G,Y,-0.4266,0.5998,-22.2096,-0.3691
57,V,A,-0.1288,1.5463,-6.5879,-0.1977
57,V,C,-0.1686,1.5463,-8.9098,-0.2342
57,V,D,-0.3073,1.5463,-8.9098,-0.4158
57,V,E,-0.3324,1.5463,-22.1976,-0.3599
57,V,F,-0.2017,1.5463,-5.74,-0.2987
57,V,G,-0.3343,1.5463,-22.1976,-0.3624
57,V,H,-0.3102,1.5463,-8.9098,-0.4197
57,V,I,-0.0542,1.5463,-4.588,-0.1133
57,V,K,-0.2852,1.5463,-5.3249,-0.4109
57,V,L,-0.1066,1.5463,-2.1155,-0.1985
57,V,M,-0.1385,1.5463,-6.5879,-0.2104
57,V,N,-0.3629,1.5463,-22.1976,-0.3999
57,V,P,-0.4128,1.5463,-22.1976,-0.4652
57,V,Q,-0.343,1.5463,-22.1976,-0.3738
57,V,R,-0.3923,1.5463,-22.1976,-0.4384
57,V,S,-0.3121,1.5463,-22.1976,-0.3334
57,V,T,-0.2275,1.5463,-22.1976,-0.2226
57,V,W,-0.3262,1.5463,-22.1976,-0.3518
57,V,Y,-0.2562,1.5463,-7.9098,-0.3556
58,P,A,-0.0481,2.0268,-4.0,-0.1672
58,P,C,-0.1059,2.0268,-8.9068,-0.21
58,P,D,-0.1164,2.0268,-5.9069,-0.2439
58,P,E,-0.1156,2.0268,-8.9068,-0.2227
58,P,F,-0.2021,2.0268,-22.1946,-0.2472
58,P,G,-0.0875,2.0268,-8.9068,-0.186
58,P,H,-0.0976,2.0268,-6.0995,-0.2179
58,P,I,-0.1851,2.0268,-22.1946,-0.225
58,P,K,-0.0991,2.0268,-7.3219,-0.2118
58,P,L,-0.1087,2.0268,-6.3219,-0.231
58,P,M,-0.1407,2.0268,-22.1946,-0.1668
58,P,N,-0.0837,2.0268,-5.737,-0.2022
58,P,Q,-0.0812,2.0268,-4.9069,-0.2044
58,P,R,-0.2108,2.0268,-22.1946,-0.2586
58,P,S,-0.0372,2.0268,-1.9296,-0.1668
58,P,T,-0.0707,2.0268,-6.0995,-0.1827
58,P,V,-0.0646,2.0268,-7.3219,-0.1666
58,P,W,-0.2146,2.0268,-22.1946,-0.2636
58,P,Y,-0.1353,2.0268,-8.9068,-0.2485
59,M,A,-0.1247,2.0237,-4.4505,-0.2641
59,M,C,-0.2208,2.0237,-22.1976,-0.2713
59,M,D,-0.3267,2.0237,-22.1976,-0.41
59,M,E,-0.3169,2.0237,-22.1976,-0.3972
59,M,F,-0.1525,2.0237,-8.9098,-0.2707
59,M,G,-0.2962,2.0237,-22.1976,-0.37
59,M,H,-0.2736,2.0237,-22.1976,-0.3404
59,M,I,-0.0405,2.0237,-4.155,-0.1558
59,M,K,-0.21,2.0237,-8.9098,-0.346
59,M,L,-0.0067,2.0237,-4.003,-0.1126
59,M,N,-0.2684,2.0237,-22.1976,-0.3336
59,M,P,-0.3022,2.0237,-5.74,-0.4879
59,M,Q,-0.1794,2.0237,-6.3249,-0.3232
59,M,R,-0.2292,2.0237,-7.3249,-0.3817
59,M,S,-0.1657,2.0237,-6.3249,-0.3052
59,M,T,-0.1135,2.0237,-7.9098,-0.2263
59,M,V,-0.0629,2.0237,-2.2517,-0.1978
59,M,W,-0.2831,2.0237,-22.1976,-0.3529
59,M,Y,-0.1948,2.0237,-8.9098,-0.3261
60,N,A,-0.0098,2.5295,-5.3249,-0.1688
60,N,C,-0.0699,2.5295,-7.3249,-0.2341
60,N,D,-0.013,2.5295,-5.3249,-0.173
60,N,E,-0.0504,2.5295,-7.3249,-0.2085
60,N,F,-0.1531,2.5295,-22.1976,-0.2436
60,N,G,-0.0355,2.5295,-4.3249,-0.2091
60,N,H,-0.0199,2.5295,-6.3249,-0.1753
60,N,I,-0.0784,2.5295,-8.9098,-0.2346
60,N,K,-0.0195,2.5295,-6.5879,-0.173
60,N,L,-0.1526,2.5295,-22.1976,-0.243
60,N,M,-0.039,2.5295,-8.9098,-0.183
60,N,P,-0.1937,2.5295,-8.9098,-0.3856
60,N,Q,-0.0,2.5295,-4.588,-0.1609
60,N,R,-0.0316,2.5295,-2.662,-0.2151
60,N,S,0.0321,2.5295,-3.003,-0.1294
60,N,T,-0.0239,2.5295,-4.266,-0.1943
60,N,V,-0.0717,2.5295,-8.9098,-0.2259
60,N,W,-0.1582,2.5295,-22.1976,-0.2503
60,N,Y,-0.0688,2.5295,-8.9098,-0.2221
61,S,A,-0.0414,1.7297,-6.5849,-0.1054
61,S,C,-0.1716,1.7297,-22.1946,-0.1715
61,S,D,-0.2198,1.7297,-22.1946,-0.2346
61,S,E,-0.1082,1.7297,-5.585,-0.1995
61,S,F,-0.1314,1.7297,-8.9068,-0.2076
61,S,G,-0.0625,1.7297,-8.9068,-0.1174
61,S,H,-0.1326,1.7297,-8.9068,-0.2092
61,S,I,-0.2023,1.7297,-22.1946,-0.2117
61,S,K,-0.2097,1.7297,-22.1946,-0.2214
61,S,L,-0.1176,1.7297,-6.3219,-0.2068
61,S,M,-0.1018,1.7297,-8.9068,-0.1689
61,S,N,-0.0756,1.7297,-8.9068,-0.1346
61,S,P,-0.2746,1.7297,-22.1946,-0.3063
61,S,Q,-0.0631,1.7297,-2.6031,-0.1603
61,S,R,-0.1421,1.7297,-7.9068,-0.2283
61,S,T,-0.0174,1.7297,-3.6974,-0.0932
61,S,V,-0.0883,1.7297,-4.9069,-0.178
61,S,W,-0.136,1.7297,-7.9068,-0.2203
61,S,Y,-0.1311,1.7297,-7.9068,-0.2139
62,L,A,-0.2963,1.3358,-22.1886,-0.2874
62,L,C,-0.2177,1.3358,-8.9007,-0.2733
62,L,D,-0.4178,1.3358,-22.1886,-0.4465
62,L,E,-0.3859,1.3358,-22.1886,-0.4047
62,L,F,-0.1518,1.3358,-6.9008,-0.2003
62,L,G,-0.3712,1.3358,-22.1886,-0.3854
62,L,H,-0.3387,1.3358,-22.1886,-0.3429
62,L,I,-0.0695,1.3358,-2.409,-0.1226
62,L,K,-0.3849,1.3358,-22.1886,-0.4034
62,L,M,-0.1157,1.3358,-6.9008,-0.1531
62,L,N,-0.3642,1.3358,-22.1886,-0.3762
62,L,P,-0.3119,1.3358,-8.9007,-0.3966
62,L,Q,-0.3171,1.3358,-22.1886,-0.3146
62,L,R,-0.3036,1.3358,-7.9008,-0.3924
62,L,S,-0.2589,1.3358,-8.9007,-0.3272
62,L,T,-0.2995,1.3358,-22.1886,-0.2915
62,L,V,-0.1112,1.3358,-3.4746,-0.1701
62,L,W,-0.3289,1.3358,-22.1886,-0.3301
62,L,Y,-0.3218,1.3358,-22.1886,-0.3208
63,R,A,-0.298,0.421,-7.9008,-0.2748
63,R,C,-0.3119,0.421,-8.9007,-0.2864
63,R,D,-0.4619,0.421,-22.1886,-0.394
63,R,E,-0.3394,0.421,-8.9007,-0.3223
63,R,F,-0.3352,0.421,-8.9007,-0.3169
63,R,G,-0.3282,0.421,-6.9008,-0.3211
63,R,H,-0.2728,0.421,-8.9007,-0.2352
63,R,I,-0.3325,0.421,-8.9007,-0.3133
63,R,K,-0.1815,0.421,-6.5789,-0.1311
63,R,L,-0.3055,0.421,-8.9007,-0.278
63,R,M,-0.2714,0.421,-8.9007,-0.2333
63,R,N,-0.3858,0.421,-22.1886,-0.2943
63,R,P,-0.513,0.421,-22.1886,-0.4608
63,R,Q,-0.3456,0.421,-22.1886,-0.2417
63,R,S,-0.2985,0.421,-7.9008,-0.2755
63,R,T,-0.3758,0.421,-22.1886,-0.2812
63,R,V,-0.3874,0.421,-22.1886,-0.2964
63,R,W,-0.3157,0.421,-7.9008,-0.298
63,R,Y,-0.3923,0.421,-22.1886,-0.3029
64,F,A,-0.4316,0.1892,-22.1825,-0.3264
64,F,C,-0.3997,0.1892,-22.1825,-0.2847
64,F,D,-0.5546,0.1892,-22.1825,-0.4874
64,F,E,-0.5239,0.1892,-22.1825,-0.4473
64,F,G,-0.467,0.1892,-22.1825,-0.3727
64,F,H,-0.4592,0.1892,-22.1825,-0.3625
64,F,I,-0.3077,0.1892,-8.8947,-0.253
64,F,K,-0.5308,0.1892,-22.1825,-0.4563
64,F,L,-0.2566,0.1892,-6.3098,-0.2034
64,F,M,-0.3687,0.1892,-22.1825,-0.244
64,F,N,-0.4842,0.1892,-22.1825,-0.3953
64,F,P,-0.5549,0.1892,-22.1825,-0.4879
64,F,Q,-0.4863,0.1892,-22.1825,-0.398
64,F,R,-0.5322,0.1892,-22.1825,-0.4581
64,F,S,-0.4106,0.1892,-22.1825,-0.2989
64,F,T,-0.4569,0.1892,-22.1825,-0.3595
64,F,V,-0.3699,0.1892,-22.1825,-0.2456
64,F,W,-0.3551,0.1892,-22.1825,-0.2263
64,F,Y,-0.2454,0.1892,-6.8948,-0.1848
65,L,A,-0.3171,1.1095,-22.1795,-0.2874
65,L,C,-0.3063,1.1095,-22.1795,-0.2733
65,L,D,-0.4386,1.1095,-22.1795,-0.4465
65,L,E,-0.4067,1.1095,-22.1795,-0.4047
65,L,F,-0.1777,1.1095,-7.8917,-0.2003
65,L,G,-0.392,1.1095,-22.1795,-0.3854
65,L,H,-0.3595,1.1095,-22.1795,-0.3429
65,L,I,-0.1091,1.1095,-6.0844,-0.1226
65,L,K,-0.4057,1.1095,-22.1795,-0.4034
65,L,M,-0.1467,1.1095,-8.8916,-0.1531
65,L,N,-0.3849,1.1095,-22.1795,-0.3762
65,L,P,-0.3327,1.1095,-8.8916,-0.3966
65,L,Q,-0.3379,1.1095,-22.1795,-0.3146
65,L,R,-0.2954,1.1095,-2.2053,-0.3924
65,L,S,-0.3475,1.1095,-22.1795,-0.3272
65,L,T,-0.3202,1.1095,-22.1795,-0.2915
65,L,V,-0.1408,1.1095,-5.1913,-0.1701
65,L,W,-0.3497,1.1095,-22.1795,-0.3301
65,L,Y,-0.3426,1.1095,-22.1795,-0.3208
66,F,A,-0.4154,0.3649,-22.1795,-0.3264
66,F,C,-0.3836,0.3649,-22.1795,-0.2847
66,F,D,-0.5384,0.3649,-22.1795,-0.4874
66,F,E,-0.5078,0.3649,-22.1795,-0.4473
66,F,G,-0.4508,0.3649,-22.1795,-0.3727
66,F,H,-0.443,0.3649,-22.1795,-0.3625
66,F,I,-0.3593,0.3649,-22.1795,-0.253
66,F,K,-0.5146,0.3649,-22.1795,-0.4563
66,F,L,-0.2405,0.3649,-6.3068,-0.2034
66,F,M,-0.3525,0.3649,-22.1795,-0.244
66,F,N,-0.468,0.3649,-22.1795,-0.3953
66,F,P,-0.5388,0.3649,-22.1795,-0.4879
66,F,Q,-0.4701,0.3649,-22.1795,-0.398
66,F,R,-0.516,0.3649,-22.1795,-0.4581
66,F,S,-0.3215,0.3649,-7.8917,-0.2989
66,F,T,-0.4407,0.3649,-22.1795,-0.3595
66,F,V,-0.2757,0.3649,-6.8918,-0.2456
66,F,W,-0.3389,0.3649,-22.1795,-0.2263
66,F,Y,-0.2218,0.3649,-5.4323,-0.1848
67,E,A,-0.1367,1.1478,-6.8857,-0.158
67,E,C,-0.2841,1.1478,-22.1734,-0.2488
67,E,D,-0.0721,1.1478,-0.9432,-0.1131
67,E,F,-0.2617,1.1478,-22.1734,-0.2195
67,E,G,-0.2405,1.1478,-22.1734,-0.1917
67,E,H,-0.253,1.1478,-22.1734,-0.2081
67,E,I,-0.267,1.1478,-22.1734,-0.2265
67,E,K,-0.1689,1.1478,-8.8856,-0.1868
67,E,L,-0.2692,1.1478,-22.1734,-0.2293
67,E,M,-0.218,1.1478,-22.1734,-0.1623
67,E,N,-0.165,1.1478,-7.3007,-0.1923
67,E,P,-0.3717,1.1478,-22.1734,-0.3635
67,E,Q,-0.1872,1.1478,-22.1734,-0.122
67,E,R,-0.2294,1.1478,-8.8856,-0.266
67,E,S,-0.2282,1.1478,-22.1734,-0.1756
67,E,T,-0.244,1.1478,-22.1734,-0.1964
67,E,V,-0.2279,1.1478,-22.1734,-0.1753
67,E,W,-0.2718,1.1478,-22.1734,-0.2327
67,E,Y,-0.2625,1.1478,-22.1734,-0.2206
68,G,A,-0.3679,0.1676,-22.1734,-0.2405
68,G,C,-0.4277,0.1676,-22.1734,-0.3187
68,G,D,-0.4282,0.1676,-22.1734,-0.3194
68,G,E,-0.4275,0.1676,-22.1734,-0.3185
68,G,F,-0.4658,0.1676,-22.1734,-0.3686
68,G,H,-0.4405,0.1676,-22.1734,-0.3355
68,G,I,-0.4436,0.1676,-8.8856,-0.4284
68,G,K,-0.4604,0.1676,-22.1734,-0.3616
68,G,L,-0.4119,0.1676,-8.8856,-0.3868
68,G,M,-0.4179,0.1676,-22.1734,-0.3059
68,G,N,-0.4285,0.1676,-22.1734,-0.3198
68,G,P,-0.5256,0.1676,-22.1734,-0.4469
68,G,Q,-0.4314,0.1676,-22.1734,-0.3236
68,G,R,-0.4445,0.1676,-22.1734,-0.3407
68,G,S,-0.2941,0.1676,-6.5637,-0.2482
68,G,T,-0.4507,0.1676,-22.1734,-0.3489
68,G,V,-0.3818,0.1676,-7.8856,-0.3541
68,G,W,-0.4655,0.1676,-22.1734,-0.3683
68,G,Y,-0.4661,0.1676,-22.1734,-0.3691
69,Q,A,-0.1613,1.5021,-22.1734,-0.1308
69,Q,C,-0.2075,1.5021,-22.1734,-0.1913
69,Q,D,-0.2479,1.5021,-22.1734,-0.2441
69,Q,E,-0.0798,1.5021,-5.1853,-0.1375
69,Q,F,-0.2156,1.5021,-22.1734,-0.2018
69,Q,G,-0.232,1.5021,-22.1734,-0.2233
69,Q,H,-0.0763,1.5021,-5.3007,-0.1322
69,Q,I,-0.1969,1.5021,-22.1734,-0.1774
69,Q,K,-0.1039,1.5021,-4.4263,-0.1742
69,Q,L,-0.1803,1.5021,-22.1734,-0.1556
69,Q,M,-0.1512,1.5021,-22.1734,-0.1176
69,Q,N,-0.0949,1.5021,-6.0783,-0.1513
69,Q,P,-0.2671,1.5021,-8.8856,-0.3581
69,Q,R,-0.0938,1.5021,-2.736,-0.1723
69,Q,S,-0.1001,1.5021,-6.5637,-0.1549
69,Q,T,-0.1087,1.5021,-6.3007,-0.1679
69,Q,V,-0.197,1.5021,-22.1734,-0.1775
69,Q,W,-0.215,1.5021,-22.1734,-0.201
69,Q,Y,-0.2179,1.5021,-22.1734,-0.2048
70,R,A,-0.2267,1.1215,-6.5637,-0.2748
70,R,C,-0.2474,1.1215,-8.8856,-0.2864
70,R,D,-0.3974,1.1215,-22.1734,-0.394
70,R,E,-0.2748,1.1215,-8.8856,-0.3223
70,R,F,-0.3385,1.1215,-22.1734,-0.3169
70,R,G,-0.2688,1.1215,-7.8856,-0.3211
70,R,H,-0.2761,1.1215,-22.1734,-0.2352
70,R,I,-0.3358,1.1215,-22.1734,-0.3133
70,R,K,-0.1169,1.1215,-6.5637,-0.1311
70,R,L,-0.3088,1.1215,-22.1734,-0.278
70,R,M,-0.2746,1.1215,-22.1734,-0.2333
70,R,N,-0.2483,1.1215,-7.8856,-0.2943
70,R,P,-0.3466,1.1215,-2.2133,-0.4608
70,R,Q,-0.2081,1.1215,-7.8856,-0.2417
70,R,S,-0.231,1.1215,-7.3007,-0.2755
70,R,T,-0.3112,1.1215,-22.1734,-0.2812
70,R,V,-0.3228,1.1215,-22.1734,-0.2964
70,R,W,-0.3241,1.1215,-22.1734,-0.298
70,R,Y,-0.3278,1.1215,-22.1734,-0.3029
71,I,A,-0.3066,0.56,-8.8856,-0.2963
71,I,C,-0.3544,0.56,-22.1734,-0.2701
71,I,D,-0.4985,0.56,-22.1734,-0.4587
71,I,E,-0.4794,0.56,-22.1734,-0.4337
71,I,F,-0.2676,0.56,-8.8856,-0.2452
71,I,G,-0.4651,0.56,-22.1734,-0.415
71,I,H,-0.465,0.56,-22.1734,-0.4149
71,I,K,-0.4719,0.56,-22.1734,-0.4239
71,I,L,-0.1724,0.56,-5.0783,-0.146
71,I,M,-0.1924,0.56,-7.8856,-0.1534
71,I,N,-0.4116,0.56,-22.1734,-0.3449
71,I,P,-0.5185,0.56,-22.1734,-0.4849
71,I,Q,-0.4391,0.56,-22.1734,-0.381
71,I,R,-0.4309,0.56,-8.8856,-0.459
71,I,S,-0.3353,0.56,-6.5637,-0.3494
71,I,T,-0.264,0.56,-8.8856,-0.2405
71,I,V,-0.1343,0.56,-5.4263,-0.0938
71,I,W,-0.4243,0.56,-22.1734,-0.3616
71,I,Y,-0.4332,0.56,-22.1734,-0.3732
72,A,C,-0.1189,2.406,-22.1704,-0.1841
72,A,D,-0.1185,2.406,-6.0753,-0.2911
72,A,E,-0.1052,2.406,-6.2977,-0.2723
72,A,F,-0.169,2.406,-22.1704,-0.2497
72,A,G,-0.0314,2.406,-6.2977,-0.1756
72,A,H,-0.1002,2.406,-7.8826,-0.2551
72,A,I,-0.0907,2.406,-8.8825,-0.236
72,A,K,-0.1099,2.406,-6.2977,-0.2784
72,A,L,-0.0873,2.406,-7.2976,-0.2422
72,A,M,-0.122,2.406,-22.1704,-0.1882
72,A,N,-0.0656,2.406,-1.5251,-0.2523
72,A,P,-0.2403,2.406,-22.1704,-0.3431
72,A,Q,-0.0844,2.406,-5.7127,-0.249
72,A,R,-0.1176,2.406,-5.7127,-0.2924
72,A,S,0.0114,2.406,-3.5607,-0.1379
72,A,T,0.0079,2.406,-3.0753,-0.1457
72,A,V,-0.0136,2.406,-7.8826,-0.1418
72,A,W,-0.1799,2.406,-22.1704,-0.264
72,A,Y,-0.1881,2.406,-22.1704,-0.2748
73,D,A,-0.1554,1.2716,-7.2976,-0.1947
73,D,C,-0.205,1.2716,-8.8825,-0.249
73,D,E,-0.0739,1.2716,-2.1013,-0.1226
73,D,F,-0.3315,1.2716,-22.1704,-0.3258
73,D,G,-0.1666,1.2716,-7.2976,-0.2093
73,D,H,-0.2407,1.2716,-22.1704,-0.2069
73,D,I,-0.3237,1.2716,-22.1704,-0.3156
73,D,K,-0.2292,1.2716,-7.8826,-0.2873
73,D,L,-0.3173,1.2716,-22.1704,-0.3073
73,D,M,-0.2561,1.2716,-22.1704,-0.2271
73,D,N,-0.117,1.2716,-6.2977,-0.1511
73,D,P,-0.2805,1.2716,-4.9757,-0.374
73,D,Q,-0.1905,1.2716,-8.8825,-0.23
73,D,R,-0.3331,1.2716,-22.1704,-0.3279
73,D,S,-0.1699,1.2716,-8.8825,-0.2031
73,D,T,-0.2678,1.2716,-22.1704,-0.2424
73,D,V,-0.2784,1.2716,-22.1704,-0.2563
73,D,W,-0.3119,1.2716,-22.1704,-0.3002
73,D,Y,-0.2763,1.2716,-22.1704,-0.2536
74,N,A,-0.0301,2.2952,-5.0753,-0.1688
74,N,C,-0.1672,2.2952,-22.1704,-0.2341
74,N,D,-0.0205,2.2952,-2.5607,-0.173
74,N,E,-0.0548,2.2952,-3.9758,-0.2085
74,N,F,-0.1745,2.2952,-22.1704,-0.2436
74,N,G,-0.0803,2.2952,-8.8825,-0.2091
74,N,H,-0.0337,2.2952,-4.7952,-0.1753
74,N,I,-0.1676,2.2952,-22.1704,-0.2346
74,N,K,-0.0477,2.2952,-7.8826,-0.173
74,N,L,-0.174,2.2952,-22.1704,-0.243
74,N,M,-0.1282,2.2952,-22.1704,-0.183
74,N,P,-0.283,2.2952,-22.1704,-0.3856
74,N,Q,-0.0317,2.2952,-6.5607,-0.1609
74,N,R,-0.0798,2.2952,-7.8826,-0.2151
74,N,S,-0.0006,2.2952,-5.1822,-0.1294
74,N,T,-0.036,2.2952,-2.4069,-0.1943
74,N,V,-0.0932,2.2952,-8.8825,-0.2259
74,N,W,-0.1796,2.2952,-22.1704,-0.2503
74,N,Y,-0.1581,2.2952,-22.1704,-0.2221
75,H,A,-0.0332,2.0709,-7.8795,-0.1271
75,H,C,-0.1607,2.0709,-22.1673,-0.1985
75,H,D,-0.0478,2.0709,-1.4787,-0.1889
75,H,E,-0.0699,2.0709,-3.5577,-0.204
75,H,F,-0.1278,2.0709,-22.1673,-0.1554
75,H,G,-0.1887,2.0709,-22.1673,-0.2352
75,H,I,-0.1924,2.0709,-22.1673,-0.24
75,H,K,-0.0762,2.0709,-7.8795,-0.1833
75,H,L,-0.083,2.0709,-7.8795,-0.1923
75,H,M,-0.0281,2.0709,-6.8796,-0.127
75,H,N,-0.0319,2.0709,-6.2946,-0.1359
75,H,P,-0.2694,2.0709,-22.1673,-0.3408
75,H,Q,0.0243,2.0709,-2.8352,-0.0855
75,H,R,-0.0747,2.0709,-8.8794,-0.1747
75,H,S,-0.1121,2.0709,-22.1673,-0.1349
75,H,T,-0.084,2.0709,-7.8795,-0.1936
75,H,V,-0.1488,2.0709,-22.1673,-0.1829
75,H,W,-0.144,2.0709,-22.1673,-0.1767
75,H,Y,-0.0101,2.0709,-8.8794,-0.0902
76,T,A,-0.2202,0.3184,-7.8795,-0.1608
76,T,C,-0.2612,0.3184,-8.8794,-0.2077
76,T,D,-0.4087,0.3184,-22.1673,-0.3121
76,T,E,-0.384,0.3184,-22.1673,-0.2798
76,T,F,-0.4004,0.3184,-22.1673,-0.3012
76,T,G,-0.3666,0.3184,-22.1673,-0.257
76,T,H,-0.3807,0.3184,-22.1673,-0.2754
76,T,I,-0.2359,0.3184,-5.8796,-0.1947
76,T,K,-0.3762,0.3184,-22.1673,-0.2696
76,T,L,-0.3032,0.3184,-8.8794,-0.2627
76,T,M,-0.3379,0.3184,-22.1673,-0.2194
76,T,N,-0.3487,0.3184,-22.1673,-0.2336
76,T,P,-0.4574,0.3184,-22.1673,-0.3759
76,T,Q,-0.3582,0.3184,-22.1673,-0.246
76,T,R,-0.3791,0.3184,-22.1673,-0.2733
76,T,S,-0.1747,0.3184,-6.0722,-0.1133
76,T,V,-0.3066,0.3184,-22.1673,-0.1784
76,T,W,-0.3933,0.3184,-22.1673,-0.2919
76,T,Y,-0.4018,0.3184,-22.1673,-0.3031
77,P,A,-0.2195,0.2686,-5.8796,-0.1672
77,P,C,-0.3353,0.2686,-22.1673,-0.21
77,P,D,-0.3612,0.2686,-22.1673,-0.2439
77,P,E,-0.2772,0.2686,-8.8794,-0.2227
77,P,F,-0.3637,0.2686,-22.1673,-0.2472
77,P,G,-0.317,0.2686,-22.1673,-0.186
77,P,H,-0.3413,0.2686,-22.1673,-0.2179
77,P,I,-0.3468,0.2686,-22.1673,-0.225
77,P,K,-0.2689,0.2686,-8.8794,-0.2118
77,P,L,-0.2835,0.2686,-8.8794,-0.231
77,P,M,-0.3023,0.2686,-22.1673,-0.1668
77,P,N,-0.3293,0.2686,-22.1673,-0.2022
77,P,Q,-0.2581,0.2686,-7.8795,-0.2044
77,P,R,-0.3724,0.2686,-22.1673,-0.2586
77,P,S,-0.2294,0.2686,-7.8795,-0.1668
77,P,T,-0.3144,0.2686,-22.1673,-0.1827
77,P,V,-0.3021,0.2686,-22.1673,-0.1666
77,P,W,-0.3762,0.2686,-22.1673,-0.2636
77,P,Y,-0.3647,0.2686,-22.1673,-0.2485
78,K,A,-0.068,1.6664,-2.4202,-0.1604
78,K,C,-0.239,1.6664,-22.1673,-0.2523
78,K,D,-0.2049,1.6664,-7.8795,-0.3031
78,K,E,-0.105,1.6664,-4.7921,-0.193
78,K,F,-0.2399,1.6664,-22.1673,-0.2535
78,K,G,-0.1551,1.6664,-7.8795,-0.2379
78,K,H,-0.1789,1.6664,-22.1673,-0.1736
78,K,I,-0.1342,1.6664,-7.8795,-0.2106
78,K,L,-0.1329,1.6664,-7.8795,-0.2089
78,K,M,-0.1789,1.6664,-22.1673,-0.1736
78,K,N,-0.1074,1.6664,-6.5576,-0.1843
78,K,P,-0.3431,1.6664,-22.1673,-0.3886
78,K,Q,-0.084,1.6664,-5.7096,-0.1594
78,K,R,-0.0244,1.6664,-6.8796,-0.0735
78,K,S,-0.0968,1.6664,-6.0722,-0.1737
78,K,T,-0.1021,1.6664,-4.7921,-0.1892
78,K,V,-0.1232,1.6664,-8.8794,-0.1895
78,K,W,-0.2489,1.6664,-22.1673,-0.2653
78,K,Y,-0.2248,1.6664,-22.1673,-0.2337
79,E,A,-0.0416,2.1074,-5.5515,-0.158
79,E,C,-0.1957,2.1074,-22.1612,-0.2488
79,E,D,-0.0073,2.1074,-5.5515,-0.1131
79,E,F,-0.1733,2.1074,-22.1612,-0.2195
79,E,G,-0.07,2.1074,-6.0661,-0.1917
79,E,H,-0.0968,2.1074,-8.8733,-0.2081
79,E,I,-0.1787,2.1074,-22.1612,-0.2265
79,E,K,-0.0636,2.1074,-5.5515,-0.1868
79,E,L,-0.113,2.1074,-8.8733,-0.2293
79,E,M,-0.1296,2.1074,-22.1612,-0.1623
79,E,N,-0.0847,2.1074,-8.8733,-0.1923
79,E,P,-0.2833,2.1074,-22.1612,-0.3635
79,E,Q,0.0041,2.1074,-1.9786,-0.122
79,E,R,-0.2088,2.1074,-22.1612,-0.266
79,E,S,-0.0443,2.1074,-3.4472,-0.1756
79,E,T,-0.0628,2.1074,-3.9666,-0.1964
79,E,V,-0.0667,2.1074,-7.8734,-0.1753
79,E,W,-0.1834,2.1074,-22.1612,-0.2327
79,E,Y,-0.1742,2.1074,-22.1612,-0.2206
80,L,A,-0.3857,0.3623,-22.1457,-0.2874
80,L,C,-0.3749,0.3623,-22.1457,-0.2733
80,L,D,-0.5072,0.3623,-22.1457,-0.4465
80,L,E,-0.4753,0.3623,-22.1457,-0.4047
80,L,F,-0.2513,0.3623,-8.8578,-0.2003
80,L,G,-0.4605,0.3623,-22.1457,-0.3854
80,L,H,-0.4281,0.3623,-22.1457,-0.3429
80,L,I,-0.1869,0.3623,-7.8579,-0.1226
80,L,K,-0.4743,0.3623,-22.1457,-0.4034
80,L,M,-0.2831,0.3623,-22.1457,-0.1531
80,L,N,-0.4535,0.3623,-22.1457,-0.3762
80,L,P,-0.4013,0.3623,-8.8578,-0.3966
80,L,Q,-0.4065,0.3623,-22.1457,-0.3146
80,L,R,-0.4659,0.3623,-22.1457,-0.3924
80,L,S,-0.4161,0.3623,-22.1457,-0.3272
80,L,T,-0.3888,0.3623,-22.1457,-0.2915
80,L,V,-0.2062,0.3623,-4.5361,-0.1701
80,L,W,-0.4183,0.3623,-22.1457,-0.3301
80,L,Y,-0.3434,0.3623,-8.8578,-0.3208
81,G,A,-0.1717,1.5595,-8.82,-0.2405
81,G,C,-0.2992,1.5595,-22.1079,-0.3187
81,G,D,-0.2089,1.5595,-4.2966,-0.3194
81,G,E,-0.1925,1.5595,-1.2129,-0.3185
81,G,F,-0.3374,1.5595,-22.1079,-0.3686
81,G,H,-0.3121,1.5595,-22.1079,-0.3355
81,G,I,-0.383,1.5595,-22.1079,-0.4284
81,G,K,-0.2642,1.5595,-8.82,-0.3616
81,G,L,-0.3513,1.5595,-22.1079,-0.3868
81,G,M,-0.2895,1.5595,-22.1079,-0.3059
81,G,N,-0.2204,1.5595,-6.4982,-0.3198
81,G,P,-0.3972,1.5595,-22.1079,-0.4469
81,G,Q,-0.303,1.5595,-22.1079,-0.3236
81,G,R,-0.2402,1.5595,-7.2352,-0.3407
81,G,S,-0.1614,1.5595,-5.6502,-0.2482
81,G,T,-0.3223,1.5595,-22.1079,-0.3489
81,G,V,-0.2534,1.5595,-7.8201,-0.3541
81,G,W,-0.3371,1.5595,-22.1079,-0.3683
81,G,Y,-0.3377,1.5595,-22.1079,-0.3691
82,M,A,-0.3717,0.3185,-22.1015,-0.2641
82,M,C,-0.3772,0.3185,-22.1015,-0.2713
82,M,D,-0.4831,0.3185,-22.1015,-0.41
82,M,E,-0.4734,0.3185,-22.1015,-0.3972
82,M,F,-0.3089,0.3185,-8.8136,-0.2707
82,M,G,-0.4526,0.3185,-22.1015,-0.37
82,M,H,-0.43,0.3185,-22.1015,-0.3404
82,M,I,-0.2029,0.3185,-5.2288,-0.1558
82,M,K,-0.4343,0.3185,-22.1015,-0.346
82,M,L,-0.178,0.3185,-6.8138,-0.1126
82,M,N,-0.4248,0.3185,-22.1015,-0.3336
82,M,P,-0.5426,0.3185,-22.1015,-0.4879
82,M,Q,-0.4168,0.3185,-22.1015,-0.3232
82,M,R,-0.3937,0.3185,-8.8136,-0.3817
82,M,S,-0.4031,0.3185,-22.1015,-0.3052
82,M,T,-0.3428,0.3185,-22.1015,-0.2263
82,M,V,-0.2532,0.3185,-8.8136,-0.1978
82,M,W,-0.4395,0.3185,-22.1015,-0.3529
82,M,Y,-0.4191,0.3185,-22.1015,-0.3261
83,E,A,-0.1745,0.7865,-7.778,-0.158
83,E,C,-0.3168,0.7865,-22.0658,-0.2488
83,E,D,-0.1291,0.7865,-5.6081,-0.1131
83,E,F,-0.2266,0.7865,-8.7779,-0.2195
83,E,G,-0.1935,0.7865,-6.4561,-0.1917
83,E,H,-0.2857,0.7865,-22.0658,-0.2081
83,E,I,-0.2166,0.7865,-5.7781,-0.2265
83,E,K,-0.1935,0.7865,-7.1931,-0.1868
83,E,L,-0.3019,0.7865,-22.0658,-0.2293
83,E,M,-0.1778,0.7865,-7.778,-0.1623
83,E,N,-0.2736,0.7865,-22.0658,-0.1923
83,E,P,-0.4044,0.7865,-22.0658,-0.3635
83,E,Q,-0.1521,0.7865,-8.7779,-0.122
83,E,R,-0.254,0.7865,-7.1931,-0.266
83,E,S,-0.2608,0.7865,-22.0658,-0.1756
83,E,T,-0.1987,0.7865,-6.778,-0.1964
83,E,V,-0.1796,0.7865,-6.1931,-0.1753
83,E,W,-0.3045,0.7865,-22.0658,-0.2327
83,E,Y,-0.2952,0.7865,-22.0658,-0.2206
84,E,A,-0.084,1.7389,-7.2127,-0.158
84,E,C,-0.2292,1.7389,-22.0854,-0.2488
84,E,D,-0.0197,1.7389,-1.3465,-0.1131
84,E,F,-0.2068,1.7389,-22.0854,-0.2195
84,E,G,-0.1178,1.7389,-8.7975,-0.1917
84,E,H,-0.1252,1.7389,-7.7976,-0.2081
84,E,I,-0.2122,1.7389,-22.0854,-0.2265
84,E,K,-0.1039,1.7389,-6.7976,-0.1868
84,E,L,-0.2143,1.7389,-22.0854,-0.2293
84,E,M,-0.1632,1.7389,-22.0854,-0.1623
84,E,N,-0.0901,1.7389,-3.2741,-0.1923
84,E,P,-0.3168,1.7389,-22.0854,-0.3635
84,E,Q,-0.0484,1.7389,-5.6277,-0.122
84,E,R,-0.2424,1.7389,-22.0854,-0.266
84,E,S,-0.1004,1.7389,-7.7976,-0.1756
84,E,T,-0.1214,1.7389,-8.7975,-0.1964
84,E,V,-0.1731,1.7389,-22.0854,-0.1753
84,E,W,-0.1491,1.7389,-8.7975,-0.2327
84,E,Y,-0.2077,1.7389,-22.0854,-0.2206
85,E,A,-0.1214,1.4206,-8.7975,-0.158
85,E,C,-0.2585,1.4206,-22.0854,-0.2488
85,E,D,-0.0523,1.4206,-1.9775,-0.1131
85,E,F,-0.2361,1.4206,-22.0854,-0.2195
85,E,G,-0.1191,1.4206,-3.3058,-0.1917
85,E,H,-0.1596,1.4206,-8.7975,-0.2081
85,E,I,-0.2415,1.4206,-22.0854,-0.2265
85,E,K,-0.2112,1.4206,-22.0854,-0.1868
85,E,L,-0.2436,1.4206,-22.0854,-0.2293
85,E,M,-0.1924,1.4206,-22.0854,-0.1623
85,E,N,-0.1344,1.4206,-6.2127,-0.1923
85,E,P,-0.3461,1.4206,-22.0854,-0.3635
85,E,Q,-0.1617,1.4206,-22.0854,-0.122
85,E,R,-0.2717,1.4206,-22.0854,-0.266
85,E,S,-0.1297,1.4206,-7.7976,-0.1756
85,E,T,-0.2185,1.4206,-22.0854,-0.1964
85,E,V,-0.2024,1.4206,-22.0854,-0.1753
85,E,W,-0.2462,1.4206,-22.0854,-0.2327
85,E,Y,-0.237,1.4206,-22.0854,-0.2206
86,D,A,-0.3368,0.1205,-22.0789,-0.1947
86,D,C,-0.3105,0.1205,-8.791,-0.249
86,D,E,-0.2817,0.1205,-22.0789,-0.1226
86,D,F,-0.4369,0.1205,-22.0789,-0.3258
86,D,G,-0.2699,0.1205,-6.7911,-0.2093
86,D,H,-0.3461,0.1205,-22.0789,-0.2069
86,D,I,-0.4291,0.1205,-22.0789,-0.3156
86,D,K,-0.4075,0.1205,-22.0789,-0.2873
86,D,L,-0.4228,0.1205,-22.0789,-0.3073
86,D,M,-0.3615,0.1205,-22.0789,-0.2271
86,D,N,-0.3035,0.1205,-22.0789,-0.1511
86,D,P,-0.4737,0.1205,-22.0789,-0.374
86,D,Q,-0.3637,0.1205,-22.0789,-0.23
86,D,R,-0.4385,0.1205,-22.0789,-0.3279
86,D,S,-0.2754,0.1205,-8.791,-0.2031
86,D,T,-0.3732,0.1205,-22.0789,-0.2424
86,D,V,-0.3838,0.1205,-22.0789,-0.2563
86,D,W,-0.4174,0.1205,-22.0789,-0.3002
86,D,Y,-0.3818,0.1205,-22.0789,-0.2536
87,V,A,-0.1147,1.6297,-5.3317,-0.1977
87,V,C,-0.1603,1.6297,-8.791,-0.2342
87,V,D,-0.3668,1.6297,-22.0789,-0.4158
87,V,E,-0.2461,1.6297,-6.7911,-0.3599
87,V,F,-0.2774,1.6297,-22.0789,-0.2987
87,V,G,-0.326,1.6297,-22.0789,-0.3624
87,V,H,-0.3698,1.6297,-22.0789,-0.4197
87,V,I,-0.0503,1.6297,-5.3317,-0.1133
87,V,K,-0.3631,1.6297,-22.0789,-0.4109
87,V,L,-0.1212,1.6297,-6.4692,-0.1985
87,V,M,-0.1251,1.6297,-5.4692,-0.2104
87,V,N,-0.3547,1.6297,-22.0789,-0.3999
87,V,P,-0.4045,1.6297,-22.0789,-0.4652
87,V,Q,-0.2537,1.6297,-6.2062,-0.3738
87,V,R,-0.3841,1.6297,-22.0789,-0.4384
87,V,S,-0.2229,1.6297,-6.2062,-0.3334
87,V,T,-0.1168,1.6297,-2.0098,-0.2226
87,V,W,-0.3179,1.6297,-22.0789,-0.3518
87,V,Y,-0.3208,1.6297,-22.0789,-0.3556
88,I,A,-0.4009,0.2666,-22.0756,-0.2963
88,I,C,-0.3809,0.2666,-22.0756,-0.2701
88,I,D,-0.525,0.2666,-22.0756,-0.4587
88,I,E,-0.5059,0.2666,-22.0756,-0.4337
88,I,F,-0.3619,0.2666,-22.0756,-0.2452
88,I,G,-0.4916,0.2666,-22.0756,-0.415
88,I,H,-0.4915,0.2666,-22.0756,-0.4149
88,I,K,-0.4984,0.2666,-22.0756,-0.4239
88,I,L,-0.2183,0.2666,-8.7878,-0.146
88,I,M,-0.2918,0.2666,-22.0756,-0.1534
88,I,N,-0.4381,0.2666,-22.0756,-0.3449
88,I,P,-0.545,0.2666,-22.0756,-0.4849
88,I,Q,-0.4656,0.2666,-22.0756,-0.381
88,I,R,-0.4523,0.2666,-7.7878,-0.459
88,I,S,-0.4415,0.2666,-22.0756,-0.3494
88,I,T,-0.2824,0.2666,-7.2029,-0.2405
88,I,V,-0.1623,0.2666,-5.618,-0.0938
88,I,W,-0.4508,0.2666,-22.0756,-0.3616
88,I,Y,-0.4597,0.2666,-22.0756,-0.3732
89,E,A,-0.1648,0.9483,-8.791,-0.158
89,E,C,-0.3019,0.9483,-22.0789,-0.2488
89,E,D,-0.0961,0.9483,-2.0497,-0.1131
89,E,F,-0.2796,0.9483,-22.0789,-0.2195
89,E,G,-0.1905,0.9483,-8.791,-0.1917
89,E,H,-0.203,0.9483,-8.791,-0.2081
89,E,I,-0.2849,0.9483,-22.0789,-0.2265
89,E,K,-0.2546,0.9483,-22.0789,-0.1868
89,E,L,-0.287,0.9483,-22.0789,-0.2293
89,E,M,-0.2359,0.9483,-22.0789,-0.1623
89,E,N,-0.2588,0.9483,-22.0789,-0.1923
89,E,P,-0.3217,0.9483,-8.791,-0.3635
89,E,Q,-0.1322,0.9483,-7.7911,-0.122
89,E,R,-0.2473,0.9483,-8.791,-0.266
89,E,S,-0.246,0.9483,-22.0789,-0.1756
89,E,T,-0.2619,0.9483,-22.0789,-0.1964
89,E,V,-0.2458,0.9483,-22.0789,-0.1753
89,E,W,-0.2896,0.9483,-22.0789,-0.2327
89,E,Y,-0.2804,0.9483,-22.0789,-0.2206
90,V,A,-0.2223,0.4536,-5.1997,-0.1977
90,V,C,-0.2634,0.4536,-7.7846,-0.2342
90,V,D,-0.4021,0.4536,-7.7846,-0.4158
90,V,E,-0.4323,0.4536,-22.0724,-0.3599
90,V,F,-0.3855,0.4536,-22.0724,-0.2987
90,V,G,-0.4342,0.4536,-22.0724,-0.3624
90,V,H,-0.478,0.4536,-22.0724,-0.4197
90,V,I,-0.1585,0.4536,-5.3252,-0.1133
90,V,K,-0.4712,0.4536,-22.0724,-0.4109
90,V,L,-0.309,0.4536,-22.0724,-0.1985
90,V,M,-0.2503,0.4536,-8.7845,-0.2104
90,V,N,-0.4628,0.4536,-22.0724,-0.3999
90,V,P,-0.5127,0.4536,-22.0724,-0.4652
90,V,Q,-0.4429,0.4536,-22.0724,-0.3738
90,V,R,-0.4923,0.4536,-22.0724,-0.4384
90,V,S,-0.4121,0.4536,-22.0724,-0.3334
90,V,T,-0.3274,0.4536,-22.0724,-0.2226
90,V,W,-0.4261,0.4536,-22.0724,-0.3518
90,V,Y,-0.429,0.4536,-22.0724,-0.3556
91,Y,A,-0.2648,1.2326,-7.7648,-0.33
91,Y,C,-0.3083,1.2326,-22.0526,-0.2916
91,Y,D,-0.3519,1.2326,-22.0526,-0.3486
91,Y,E,-0.3806,1.2326,-22.0526,-0.3862
91,Y,F,-0.074,1.2326,-2.2257,-0.1173
91,Y,G,-0.4083,1.2326,-22.0526,-0.4224
91,Y,H,-0.1657,1.2326,-6.4429,-0.2092
91,Y,I,-0.3497,1.2326,-22.0526,-0.3458
91,Y,K,-0.4059,1.2326,-22.0526,-0.4193
91,Y,L,-0.3268,1.2326,-22.0526,-0.3158
91,Y,M,-0.1907,1.2326,-4.7649,-0.2531
91,Y,N,-0.2631,1.2326,-8.7647,-0.3211
91,Y,P,-0.4619,1.2326,-22.0526,-0.4926
91,Y,Q,-0.3554,1.2326,-22.0526,-0.3532
91,Y,R,-0.4012,1.2326,-22.0526,-0.4132
91,Y,S,-0.2746,1.2326,-8.7647,-0.3362
91,Y,T,-0.361,1.2326,-22.0526,-0.3606
91,Y,V,-0.2583,1.2326,-6.1799,-0.3321
91,Y,W,-0.2553,1.2326,-22.0526,-0.2221
92,Q,A,-0.1665,0.7018,-8.7614,-0.1308
92,Q,C,-0.2806,0.7018,-22.0493,-0.1913
92,Q,D,-0.3209,0.7018,-22.0493,-0.2441
92,Q,E,-0.2395,0.7018,-22.0493,-0.1375
92,Q,F,-0.2886,0.7018,-22.0493,-0.2018
92,Q,G,-0.305,0.7018,-22.0493,-0.2233
92,Q,H,-0.1544,0.7018,-6.1766,-0.1322
92,Q,I,-0.197,0.7018,-7.7615,-0.1774
92,Q,K,-0.2675,0.7018,-22.0493,-0.1742
92,Q,L,-0.1693,0.7018,-5.5916,-0.1556
92,Q,M,-0.2243,0.7018,-22.0493,-0.1176
92,Q,N,-0.1822,0.7018,-8.7614,-0.1513
92,Q,P,-0.3402,0.7018,-8.7614,-0.3581
92,Q,R,-0.266,0.7018,-22.0493,-0.1723
92,Q,S,-0.1849,0.7018,-8.7614,-0.1549
92,Q,T,-0.183,0.7018,-6.4396,-0.1679
92,Q,V,-0.1828,0.7018,-4.9542,-0.1775
92,Q,W,-0.2202,0.7018,-8.7614,-0.201
92,Q,Y,-0.2909,0.7018,-22.0493,-0.2048
93,E,A,-0.1371,1.1361,-6.7582,-0.158
93,E,C,-0.2845,1.1361,-22.0459,-0.2488
93,E,D,-0.113,1.1361,-8.7581,-0.1131
93,E,F,-0.2621,1.1361,-22.0459,-0.2195
93,E,G,-0.1731,1.1361,-8.7581,-0.1917
93,E,H,-0.1754,1.1361,-6.7582,-0.2081
93,E,I,-0.2675,1.1361,-22.0459,-0.2265
93,E,K,-0.1642,1.1361,-7.7582,-0.1868
93,E,L,-0.2696,1.1361,-22.0459,-0.2293
93,E,M,-0.2184,1.1361,-22.0459,-0.1623
93,E,N,-0.1735,1.1361,-8.7581,-0.1923
93,E,P,-0.3721,1.1361,-22.0459,-0.3635
93,E,Q,-0.0852,1.1361,-1.9769,-0.122
93,E,R,-0.2976,1.1361,-22.0459,-0.266
93,E,S,-0.1608,1.1361,-8.7581,-0.1756
93,E,T,-0.1767,1.1361,-8.7581,-0.1964
93,E,V,-0.1605,1.1361,-8.7581,-0.1753
93,E,W,-0.2722,1.1361,-22.0459,-0.2327
93,E,Y,-0.263,1.1361,-22.0459,-0.2206
94,Q,A,-0.2683,0.3318,-22.0393,-0.1308
94,Q,C,-0.3145,0.3318,-22.0393,-0.1913
94,Q,D,-0.3549,0.3318,-22.0393,-0.2441
94,Q,E,-0.2734,0.3318,-22.0393,-0.1375
94,Q,F,-0.3226,0.3318,-22.0393,-0.2018
94,Q,G,-0.339,0.3318,-22.0393,-0.2233
94,Q,H,-0.2016,0.3318,-8.7514,-0.1322
94,Q,I,-0.3039,0.3318,-22.0393,-0.1774
94,Q,K,-0.2337,0.3318,-8.7514,-0.1742
94,Q,L,-0.2144,0.3318,-7.7515,-0.1556
94,Q,M,-0.2582,0.3318,-22.0393,-0.1176
94,Q,N,-0.284,0.3318,-22.0393,-0.1513
94,Q,P,-0.3661,0.3318,-7.1665,-0.3581
94,Q,R,-0.2153,0.3318,-5.4296,-0.1723
94,Q,S,-0.2867,0.3318,-22.0393,-0.1549
94,Q,T,-0.2289,0.3318,-8.7514,-0.1679
94,Q,V,-0.304,0.3318,-22.0393,-0.1775
94,Q,W,-0.322,0.3318,-22.0393,-0.201
94,Q,Y,-0.3249,0.3318,-22.0393,-0.2048
95,T,A,-0.1355,1.2325,-7.7515,-0.1608
95,T,C,-0.2442,1.2325,-22.0393,-0.2077
95,T,D,-0.3239,1.2325,-22.0393,-0.3121
95,T,E,-0.2993,1.2325,-22.0393,-0.2798
95,T,F,-0.3156,1.2325,-22.0393,-0.3012
95,T,G,-0.2818,1.2325,-22.0393,-0.257
95,T,H,-0.2281,1.2325,-8.7514,-0.2754
95,T,I,-0.147,1.2325,-4.9442,-0.1947
95,T,K,-0.2915,1.2325,-22.0393,-0.2696
95,T,L,-0.1967,1.2325,-4.5036,-0.2627
95,T,M,-0.1691,1.2325,-5.5816,-0.2194
95,T,N,-0.1911,1.2325,-7.7515,-0.2336
95,T,P,-0.3727,1.2325,-22.0393,-0.3759
95,T,Q,-0.1954,1.2325,-6.7515,-0.246
95,T,R,-0.2943,1.2325,-22.0393,-0.2733
95,T,S,-0.089,1.2325,-5.7515,-0.1133
95,T,V,-0.1309,1.2325,-4.228,-0.1784
95,T,W,-0.2407,1.2325,-8.7514,-0.2919
95,T,Y,-0.3171,1.2325,-22.0393,-0.3031
96,G,A,-0.2943,0.2232,-8.7447,-0.2405
96,G,C,-0.4218,0.2232,-22.0326,-0.3187
96,G,D,-0.4224,0.2232,-22.0326,-0.3194
96,G,E,-0.3488,0.2232,-7.7448,-0.3185
96,G,F,-0.4599,0.2232,-22.0326,-0.3686
96,G,H,-0.4346,0.2232,-22.0326,-0.3355
96,G,I,-0.5056,0.2232,-22.0326,-0.4284
96,G,K,-0.4546,0.2232,-22.0326,-0.3616
96,G,L,-0.4738,0.2232,-22.0326,-0.3868
96,G,M,-0.412,0.2232,-22.0326,-0.3059
96,G,N,-0.3548,0.2232,-8.7447,-0.3198
96,G,P,-0.4468,0.2232,-7.7448,-0.4469
96,G,Q,-0.4256,0.2232,-22.0326,-0.3236
96,G,R,-0.3708,0.2232,-8.7447,-0.3407
96,G,S,-0.2951,0.2232,-7.7448,-0.2482
96,G,T,-0.4449,0.2232,-22.0326,-0.3489
96,G,V,-0.4489,0.2232,-22.0326,-0.3541
96,G,W,-0.3919,0.2232,-8.7447,-0.3683
96,G,Y,-0.4603,0.2232,-22.0326,-0.3691
97,G,A,-0.2779,0.3104,-7.1154,-0.2405
97,G,C,-0.4136,0.3104,-21.9882,-0.3187
97,G,D,-0.3412,0.3104,-7.7004,-0.3194
97,G,E,-0.4134,0.3104,-21.9882,-0.3185
97,G,F,-0.4517,0.3104,-21.9882,-0.3686
97,G,H,-0.4264,0.3104,-21.9882,-0.3355
97,G,I,-0.4974,0.3104,-21.9882,-0.4284
97,G,K,-0.4463,0.3104,-21.9882,-0.3616
97,G,L,-0.4656,0.3104,-21.9882,-0.3868
97,G,M,-0.4038,0.3104,-21.9882,-0.3059
97,G,N,-0.3415,0.3104,-7.7004,-0.3198
97,G,P,-0.5115,0.3104,-21.9882,-0.4469
97,G,Q,-0.4173,0.3104,-21.9882,-0.3236
97,G,R,-0.3626,0.3104,-8.7003,-0.3407
97,G,S,-0.2766,0.3104,-5.7004,-0.2482
97,G,T,-0.4366,0.3104,-21.9882,-0.3489
97,G,V,-0.4406,0.3104,-21.9882,-0.3541
97,G,W,-0.4515,0.3104,-21.9882,-0.3683
97,G,Y,-0.4521,0.3104,-21.9882,-0.3691
98,H,A,0.0276,2.5872,-5.2605,-0.1271
98,H,C,-0.035,2.5872,-6.8454,-0.1985
98,H,D,-0.0277,2.5872,-6.8454,-0.1889
98,H,E,-0.1121,2.5872,-21.1332,-0.204
98,H,F,0.0105,2.5872,-4.3861,-0.1554
98,H,G,-0.0563,2.5872,-5.5235,-0.2352
98,H,I,-0.1396,2.5872,-21.1332,-0.24
98,H,K,-0.0183,2.5872,-5.8455,-0.1833
98,H,L,-0.0251,2.5872,-5.8455,-0.1923
98,H,M,0.0145,2.5872,-7.8454,-0.127
98,H,N,0.0196,2.5872,-5.5235,-0.1359
98,H,P,-0.2166,2.5872,-21.1332,-0.3408
98,H,Q,0.0581,2.5872,-5.5235,-0.0855
98,H,R,0.0005,2.5872,-3.4532,-0.1747
98,H,S,0.0284,2.5872,-3.9386,-0.1349
98,H,T,-0.0245,2.5872,-5.5235,-0.1936
98,H,V,-0.018,2.5872,-5.8455,-0.1829
98,H,W,-0.0234,2.5872,-7.8454,-0.1767
98,H,Y,0.0609,2.5872,-4.2605,-0.0902
99,S,A,-0.0275,1.7153,-3.5999,-0.1054
99,S,C,-0.0815,1.7153,-4.278,-0.1715
99,S,D,-0.2144,1.7153,-20.8876,-0.2346
99,S,E,-0.1876,1.7153,-20.8876,-0.1995
99,S,F,-0.1938,1.7153,-20.8876,-0.2076
99,S,G,-0.0571,1.7153,-7.5998,-0.1174
99,S,H,-0.195,1.7153,-20.8876,-0.2092
99,S,I,-0.1291,1.7153,-7.5998,-0.2117
99,S,K,-0.1365,1.7153,-7.5998,-0.2214
99,S,L,-0.1932,1.7153,-20.8876,-0.2068
99,S,M,-0.1643,1.7153,-20.8876,-0.1689
99,S,N,-0.0514,1.7153,-3.8995,-0.1346
99,S,P,-0.1933,1.7153,-6.0149,-0.3063
99,S,Q,-0.0899,1.7153,-7.5998,-0.1603
99,S,R,-0.1418,1.7153,-7.5998,-0.2283
99,S,T,-0.0243,1.7153,-4.7926,-0.0932
99,S,V,-0.1712,1.7153,-20.8876,-0.178
99,S,W,-0.1255,1.7153,-5.5999,-0.2203
99,S,Y,-0.1986,1.7153,-20.8876,-0.2139
100,T,A,-0.0264,2.1938,-3.7097,-0.1608
100,T,C,-0.0724,2.1938,-5.7096,-0.2077
100,T,D,-0.1602,2.1938,-7.2945,-0.3121
100,T,E,-0.2034,2.1938,-20.5824,-0.2798
100,T,F,-0.2197,2.1938,-20.5824,-0.3012
100,T,G,-0.186,2.1938,-20.5824,-0.257
100,T,H,-0.2,2.1938,-20.5824,-0.2754
100,T,I,-0.0655,2.1938,-6.2946,-0.1947
100,T,K,-0.1197,2.1938,-5.7096,-0.2696
100,T,L,-0.1174,2.1938,-6.2946,-0.2627
100,T,M,-0.0751,2.1938,-4.4873,-0.2194
100,T,N,-0.0901,2.1938,-5.2946,-0.2336
100,T,P,-0.2768,2.1938,-20.5824,-0.3759
100,T,Q,-0.1776,2.1938,-20.5824,-0.246
100,T,R,-0.1144,2.1938,-4.1247,-0.2733
100,T,S,0.012,2.1938,-3.2946,-0.1133
100,T,V,-0.0479,2.1938,-5.2946,-0.1784
100,T,W,-0.2126,2.1938,-20.5824,-0.2919
100,T,Y,-0.2212,2.1938,-20.5824,-0.3031
101,V,A,-0.152,1.2649,-6.0443,-0.1977
101,V,C,-0.2527,1.2649,-20.3321,-0.2342
101,V,D,-0.3915,1.2649,-20.3321,-0.4158
101,V,E,-0.3488,1.2649,-20.3321,-0.3599
101,V,F,-0.302,1.2649,-20.3321,-0.2987
101,V,G,-0.3507,1.2649,-20.3321,-0.3624
101,V,H,-0.3944,1.2649,-20.3321,-0.4197
101,V,I,-0.0666,1.2649,-1.9569,-0.1133
101,V,K,-0.3877,1.2649,-20.3321,-0.4109
101,V,L,-0.1458,1.2649,-4.7225,-0.1985
101,V,M,-0.1668,1.2649,-7.0443,-0.2104
101,V,N,-0.3793,1.2649,-20.3321,-0.3999
101,V,P,-0.4292,1.2649,-20.3321,-0.4652
101,V,Q,-0.3594,1.2649,-20.3321,-0.3738
101,V,R,-0.4087,1.2649,-20.3321,-0.4384
101,V,S,-0.3285,1.2649,-20.3321,-0.3334
101,V,T,-0.1761,1.2649,-7.0443,-0.2226
101,V,W,-0.3426,1.2649,-20.3321,-0.3518
101,V,Y,-0.3455,1.2649,-20.3321,-0.3556
